0 0.3375 0.3265625 0.31015625 0.35546875
0 0.115625 0.44609375 0.15390625 0.2765625
0 0.18125 0.18125 0.1609375 0.271875
0 0.63359375 0.32578125 0.23828125 0.2765625
0 0.81640625 0.15625 0.23828125 0.16328125
0 0.5921875 0.15625 0.2140625 0.16328125
0 0.640625 0.7078125 0.334375 0.38203125
0 0.2984375 0.78515625 0.27890625 0.26171875
0 0.1765625 0.87109375 0.1609375 0.19921875
0 0.1984375 0.6625 0.165625 0.2234375
0 0.828125 0.5109375 0.17578125 0.31484375
0 0.87890625 0.8140625 0.1703125 0.3390625