0 0.27421875 0.1203125 0.25859375 0.17265625
0 0.57109375 0.478125 0.16484375 0.10859375
0 0.646875 0.584375 0.103125 0.16875
0 0.409375 0.590625 0.2234375 0.1
0 0.11875 0.8375 0.109375 0.25390625
0 0.34453125 0.78359375 0.1984375 0.10078125
0 0.4375 0.71015625 0.10546875 0.171875
0 0.41875 0.909375 0.1203125 0.18046875
0 0.34375 0.8859375 0.0875 0.128125
0 0.2515625 0.884375 0.0984375 0.1265625
0 0.2046875 0.91640625 0.0625 0.10078125
0 0.51171875 0.8515625 0.0546875 0.103125
0 0.528125 0.690625 0.0765625 0.1859375
0 0.840625 0.5 0.11875 0.134375
0 0.8078125 0.59296875 0.1359375 0.0703125
0 0.88046875 0.62109375 0.059375 0.0875
0 0.84296875 0.6984375 0.0890625 0.11015625
0 0.69375 0.7796875 0.08125 0.21171875
0 0.73359375 0.8546875 0.09765625 0.07421875
0 0.92265625 0.89296875 0.09453125 0.21171875
0 0.92578125 0.365625 0.1109375 0.11015625
0 0.92578125 0.459375 0.09375 0.05546875
0 0.68046875 0.3875 0.084375 0.1640625
0 0.84609375 0.053125 0.08671875 0.103125
0 0.75234375 0.05078125 0.10625 0.1
0 0.8609375 0.12265625 0.0703125 0.03828125
0 0.91484375 0.76796875 0.084375 0.059375
0 0.8421875 0.9609375 0.07734375 0.078125
0 0.6203125 0.896875 0.04765625 0.1828125