0 0.47109375 0.3140625 0.071875 0.1515625
0 0.51171875 0.52734375 0.09609375 0.13671875
0 0.46484375 0.60703125 0.18046875 0.06953125
0 0.634375 0.40859375 0.1203125 0.14921875
0 0.571875 0.171875 0.15859375 0.0984375
0 0.578125 0.25625 0.0796875 0.12734375
0 0.740625 0.36328125 0.1828125 0.09140625
0 0.88203125 0.3015625 0.14921875 0.13671875
0 0.928125 0.5515625 0.09140625 0.21875
0 0.71875 0.81484375 0.115625 0.1921875
0 0.4578125 0.78984375 0.146875 0.103125
0 0.61875 0.89921875 0.1078125 0.196875
0 0.06640625 0.46015625 0.13203125 0.15625
0 0.0921875 0.63671875 0.103125 0.0671875
0 0.16484375 0.7765625 0.146875 0.16796875
0 0.2703125 0.52734375 0.1078125 0.11796875
0 0.26796875 0.3265625 0.12734375 0.09140625
0 0.1859375 0.2453125 0.0890625 0.1390625
0 0.084375 0.29921875 0.15390625 0.0890625
0 0.69453125 0.15234375 0.08203125 0.0984375
0 0.6859375 0.07109375 0.084375 0.11328125
0 0.7953125 0.603125 0.10546875 0.1828125
0 0.66328125 0.6578125 0.16328125 0.1078125