0 0.63359375 0.24140625 0.0890625 0.09375
0 0.38203125 0.6578125 0.08203125 0.1421875
0 0.70703125 0.18515625 0.0765625 0.1203125
0 0.06953125 0.5109375 0.134375 0.2671875
0 0.11171875 0.69921875 0.11796875 0.1109375
0 0.12734375 0.8328125 0.08203125 0.1421875
0 0.18515625 0.853125 0.0625 0.1734375
0 0.26796875 0.921875 0.103125 0.146875
0 0.3703125 0.93984375 0.0671875 0.1109375
0 0.73828125 0.803125 0.08203125 0.1109375
0 0.84765625 0.64765625 0.06015625 0.11328125
0 0.65625 0.475 0.1109375 0.1515625
0 0.68125 0.62109375 0.040625 0.084375
0 0.5625 0.4078125 0.0671875 0.06484375
0 0.7984375 0.23671875 0.1734375 0.12265625
0 0.71171875 0.3921875 0.09140625 0.16796875
0 0.5984375 0.76328125 0.0578125 0.06015625
0 0.446875 0.81484375 0.0671875 0.0671875
0 0.52265625 0.6453125 0.05546875 0.06484375
0 0.3109375 0.696875 0.06484375 0.10546875
0 0.22109375 0.68125 0.0765625 0.12734375