0 0.5015625 0.603125 0.2171875 0.32890625
0 0.31796875 0.5875 0.284375 0.278125
0 0.2984375 0.28984375 0.1328125 0.25
0 0.73203125 0.3046875 0.10625 0.2578125
0 0.89140625 0.2890625 0.178125 0.24609375
0 0.70390625 0.084375 0.1078125 0.1671875
0 0.59453125 0.06953125 0.11015625 0.1375
0 0.4046875 0.05703125 0.103125 0.1125
0 0.221875 0.07890625 0.10078125 0.15546875
0 0.1046875 0.7703125 0.20390625 0.35859375
0 0.26796875 0.76015625 0.11796875 0.246875
0 0.39921875 0.746875 0.109375 0.25
0 0.43671875 0.959375 0.146875 0.08125
0 0.83046875 0.50703125 0.23515625 0.1
0 0.17578125 0.96796875 0.08984375 0.0640625
0 0.88359375 0.96796875 0.121875 0.0640625
0 0.6296875 0.31640625 0.125 0.228125
0 0.5796875 0.403125 0.240625 0.06953125
0 0.06875 0.21328125 0.1359375 0.2390625
0 0.05390625 0.4234375 0.059375 0.084375