0 0.5921875 0.50625 0.2640625 0.2109375
0 0.403125 0.70390625 0.36875 0.271875
0 0.39921875 0.440625 0.38203125 0.22265625
0 0.45 0.18671875 0.284375 0.25703125
0 0.7125 0.1953125 0.25390625 0.38671875
0 0.7875 0.378125 0.1671875 0.21171875
0 0.72265625 0.76171875 0.2046875 0.3265625
0 0.27890625 0.88203125 0.25703125 0.1640625
0 0.1609375 0.6109375 0.1296875 0.13984375
0 0.190625 0.39375 0.2203125 0.3265625
0 0.278125 0.2390625 0.3 0.18046875
0 0.1671875 0.084375 0.16796875 0.1671875
0 0.06796875 0.3078125 0.13359375 0.221875