0 0.74140625 0.6578125 0.12734375 0.2140625
0 0.55078125 0.790625 0.1109375 0.15859375
0 0.59140625 0.57578125 0.16328125 0.146875
0 0.3796875 0.75234375 0.1203125 0.15859375
0 0.10078125 0.4171875 0.1203125 0.1609375
0 0.7203125 0.12265625 0.0984375 0.125
0 0.6203125 0.07578125 0.09140625 0.146875
0 0.3953125 0.53984375 0.11796875 0.18984375
0 0.19609375 0.54453125 0.0984375 0.209375
0 0.49140625 0.83984375 0.1078125 0.2046875
0 0.6625 0.70703125 0.084375 0.1203125
0 0.64296875 0.4625 0.084375 0.06484375
0 0.0625 0.2953125 0.115625 0.134375
0 0.2453125 0.7546875 0.115625 0.08203125