0 0.22265625 0.3546875 0.2328125 0.12265625
0 0.4171875 0.2328125 0.290625 0.178125
0 0.5015625 0.06875 0.25703125 0.13671875
0 0.82578125 0.41015625 0.2234375 0.1515625
0 0.12734375 0.59765625 0.21640625 0.12734375
0 0.18046875 0.48046875 0.21171875 0.10078125
0 0.3640625 0.73203125 0.12265625 0.11328125
0 0.32421875 0.8265625 0.1109375 0.071875
0 0.54453125 0.72578125 0.18984375 0.125
0 0.80390625 0.26328125 0.18046875 0.0984375
0 0.79296875 0.18125 0.2453125 0.1703125
0 0.1078125 0.26328125 0.215625 0.1421875
0 0.58671875 0.55625 0.1875 0.12734375