0 0.23125 0.796875 0.19609375 0.25
0 0.340625 0.821875 0.15234375 0.290625
0 0.25859375 0.6515625 0.2125 0.10078125
0 0.29296875 0.571875 0.203125 0.0703125
0 0.3265625 0.50625 0.171875 0.05859375
0 0.3640625 0.45 0.1421875 0.0484375
0 0.3984375 0.38984375 0.1109375 0.06328125
0 0.42109375 0.34609375 0.0796875 0.04609375
0 0.515625 0.8046875 0.1875 0.2875
0 0.49609375 0.6453125 0.1703125 0.121875
0 0.4953125 0.553125 0.14453125 0.0734375
0 0.68671875 0.7890625 0.18125 0.2671875
0 0.6921875 0.61015625 0.21953125 0.1015625
0 0.665625 0.53515625 0.19921875 0.0859375
0 0.6390625 0.475 0.178125 0.0921875
0 0.85078125 0.63125 0.21796875 0.20703125
0 0.7359375 0.425 0.20234375 0.0828125
0 0.603125 0.4125 0.13671875 0.08515625
0 0.48828125 0.49140625 0.1171875 0.0640625
0 0.49140625 0.4265625 0.09296875 0.07734375
0 0.85078125 0.85234375 0.09296875 0.1828125
0 0.13671875 0.65390625 0.14453125 0.2453125
0 0.165625 0.4953125 0.16328125 0.07734375
0 0.23125 0.2546875 0.15625 0.15703125
0 0.60625 0.14140625 0.13125 0.09375
0 0.79765625 0.2515625 0.16796875 0.103125
0 0.89375 0.3671875 0.21171875 0.125