0 0.0734375 0.43984375 0.11796875 0.1828125
0 0.603125 0.640625 0.115625 0.18984375
0 0.92421875 0.65625 0.11328125 0.16328125
0 0.83984375 0.6078125 0.06484375 0.1203125
0 0.3578125 0.3078125 0.09609375 0.10078125
0 0.07578125 0.615625 0.0796875 0.15390625
0 0.13671875 0.83046875 0.09140625 0.13203125
0 0.1984375 0.6515625 0.06484375 0.15390625
0 0.2203125 0.40625 0.0984375 0.16796875
0 0.30859375 0.10703125 0.1703125 0.165625
0 0.51953125 0.0515625 0.196875 0.0984375
0 0.85078125 0.13125 0.15390625 0.11796875
0 0.89296875 0.36328125 0.18046875 0.2984375
0 0.60703125 0.33515625 0.17578125 0.2140625
0 0.68984375 0.38125 0.08671875 0.1703125
0 0.84375 0.890625 0.10546875 0.209375
0 0.6234375 0.8296875 0.18515625 0.1828125
0 0.30859375 0.875 0.18515625 0.240625
0 0.353125 0.725 0.115625 0.12734375
0 0.38359375 0.58984375 0.1078125 0.103125
0 0.5171875 0.5875 0.10546875 0.103125
0 0.4421875 0.79921875 0.09140625 0.271875