0 0.8625 0.5484375 0.27421875 0.3859375
0 0.62109375 0.71796875 0.240625 0.4984375
0 0.73125 0.8625 0.21171875 0.275
0 0.1625 0.46796875 0.26953125 0.4484375
0 0.14375 0.24140625 0.28515625 0.2515625
0 0.4578125 0.1140625 0.19921875 0.22578125
0 0.3765625 0.39921875 0.25078125 0.44140625
0 0.55546875 0.4625 0.25859375 0.3796875
0 0.6484375 0.26171875 0.15625 0.265625
0 0.9046875 0.14765625 0.1765625 0.1953125
0 0.846875 0.29375 0.24296875 0.2390625
0 0.66640625 0.090625 0.2078125 0.1796875
0 0.86796875 0.74921875 0.18828125 0.3078125