0 0.16328125 0.1578125 0.09140625 0.103125
0 0.1703125 0.28125 0.10546875 0.08203125
0 0.053125 0.34140625 0.09609375 0.09609375
0 0.146875 0.4125 0.08671875 0.09375
0 0.32578125 0.2140625 0.0890625 0.1390625
0 0.46484375 0.2828125 0.146875 0.0890625
0 0.49296875 0.171875 0.125 0.12265625
0 0.55625 0.2171875 0.1421875 0.07421875
0 0.32578125 0.32421875 0.1078125 0.0765625
0 0.14921875 0.5046875 0.08203125 0.10546875
0 0.24609375 0.52265625 0.11796875 0.0796875
0 0.40859375 0.41328125 0.1109375 0.09609375
0 0.375 0.48046875 0.115625 0.08671875
0 0.0828125 0.1109375 0.0890625 0.10546875
0 0.63828125 0.4265625 0.07421875 0.12265625
0 0.71484375 0.484375 0.13203125 0.1078125
0 0.61171875 0.52421875 0.07421875 0.125
0 0.6578125 0.615625 0.0984375 0.08203125
0 0.7328125 0.63828125 0.10546875 0.103125
0 0.83515625 0.640625 0.0984375 0.0796875
0 0.80390625 0.74296875 0.11796875 0.10546875
0 0.671875 0.76328125 0.0890625 0.103125
0 0.70078125 0.94609375 0.103125 0.103125
0 0.609375 0.9390625 0.07421875 0.11796875
0 0.52734375 0.9 0.0796875 0.11796875
0 0.65234375 0.85078125 0.17578125 0.071875
0 0.28125 0.8609375 0.08671875 0.0625
0 0.24375 0.93359375 0.07421875 0.103125
0 0.21484375 0.8421875 0.0890625 0.0890625
0 0.259375 0.78359375 0.1109375 0.0671875
0 0.275 0.6546875 0.09375 0.1515625
0 0.19921875 0.62890625 0.08203125 0.13671875
0 0.3921875 0.69609375 0.10078125 0.0890625
0 0.47578125 0.57578125 0.0765625 0.12265625
0 0.50859375 0.65390625 0.0984375 0.08671875
0 0.60078125 0.6859375 0.09609375 0.09375