0 0.5828125 0.70703125 0.2515625 0.2984375
0 0.43984375 0.84140625 0.1234375 0.3171875
0 0.34375 0.6859375 0.209375 0.1578125
0 0.321875 0.51640625 0.3046875 0.2203125
0 0.71015625 0.2265625 0.19453125 0.36328125
0 0.50625 0.12265625 0.11796875 0.24296875
0 0.3046875 0.16015625 0.0921875 0.225
0 0.378125 0.33671875 0.25703125 0.18828125
0 0.75078125 0.73984375 0.096875 0.175
0 0.93203125 0.5734375 0.128125 0.0765625
0 0.92421875 0.675 0.08671875 0.11640625
0 0.89609375 0.74296875 0.075 0.084375
0 0.9109375 0.85859375 0.03828125 0.10625
0 0.12109375 0.80234375 0.0453125 0.10625
0 0.0640625 0.77734375 0.0375 0.0859375
0 0.559375 0.92265625 0.0828125 0.06171875
0 0.72734375 0.89453125 0.071875 0.0953125
0 0.8640625 0.9109375 0.04765625 0.0375
0 0.6921875 0.72734375 0.0484375 0.0984375
0 0.93671875 0.4109375 0.0703125 0.196875
0 0.634375 0.4 0.2296875 0.26953125