0 0.49296875 0.53125 0.16796875 0.2015625
0 0.77734375 0.553125 0.3484375 0.09140625
0 0.875 0.4703125 0.2453125 0.165625
0 0.78828125 0.73671875 0.240625 0.2859375
0 0.23203125 0.66484375 0.334375 0.1421875
0 0.32421875 0.521875 0.26953125 0.1203125
0 0.39921875 0.36796875 0.259375 0.125
0 0.5671875 0.3296875 0.15859375 0.1390625
0 0.7046875 0.27421875 0.1203125 0.1875
0 0.83671875 0.1390625 0.115625 0.22578125
0 0.56875 0.1421875 0.15625 0.1921875
0 0.21015625 0.3453125 0.2765625 0.103125
0 0.18984375 0.4375 0.28359375 0.0671875