0 0.6734375 0.703125 0.18359375 0.1171875
0 0.89609375 0.50234375 0.2078125 0.19453125
0 0.9390625 0.753125 0.12109375 0.303125
0 0.684375 0.37734375 0.175 0.31953125
0 0.5609375 0.4984375 0.12578125 0.28515625
0 0.42109375 0.54765625 0.14375 0.2734375
0 0.265625 0.55546875 0.1640625 0.19609375
0 0.3625 0.1265625 0.2296875 0.16796875
0 0.5265625 0.0640625 0.2484375 0.1265625
0 0.52421875 0.2609375 0.1609375 0.259375
0 0.88046875 0.334375 0.13984375 0.16328125
0 0.7921875 0.83046875 0.159375 0.18671875