0 0.42265625 0.83828125 0.21875 0.25703125
0 0.75078125 0.89609375 0.4515625 0.2078125
0 0.9296875 0.75625 0.140625 0.12109375
0 0.5703125 0.61015625 0.1109375 0.203125
0 0.35234375 0.63984375 0.1921875 0.16484375
0 0.13671875 0.78046875 0.271875 0.23828125
0 0.1828125 0.41640625 0.27421875 0.184375
0 0.7984375 0.12421875 0.2328125 0.20703125
0 0.59296875 0.13203125 0.09765625 0.184375
0 0.846875 0.62578125 0.1765625 0.12890625
0 0.8171875 0.45234375 0.103125 0.09453125
0 0.7375 0.34453125 0.07421875 0.08515625
0 0.5578125 0.353125 0.09765625 0.15625