0 0.4078125 0.06796875 0.09375 0.065625
0 0.39140625 0.17734375 0.0484375 0.0984375
0 0.425 0.1859375 0.0453125 0.10234375
0 0.471875 0.2125 0.05625 0.1046875
0 0.54375 0.23046875 0.0640625 0.1109375
0 0.56953125 0.1515625 0.0484375 0.1
0 0.6234375 0.0453125 0.0765625 0.053125
0 0.625 0.1 0.06875 0.06171875
0 0.65 0.165625 0.0609375 0.0578125
0 0.671875 0.2046875 0.05625 0.07109375
0 0.5953125 0.2828125 0.04765625 0.10546875
0 0.709375 0.25703125 0.059375 0.05546875
0 0.6390625 0.31171875 0.071875 0.115625
0 0.68046875 0.34140625 0.06640625 0.1125
0 0.7515625 0.32109375 0.0515625 0.046875
0 0.771875 0.34609375 0.05 0.05546875
0 0.72578125 0.18828125 0.0484375 0.09765625
0 0.77734375 0.0984375 0.06640625 0.05
0 0.83125 0.14921875 0.05546875 0.05078125
0 0.8234375 0.2515625 0.05 0.0625
0 0.8390625 0.315625 0.0359375 0.053125
0 0.87734375 0.38125 0.03828125 0.06875
0 0.8140625 0.43359375 0.046875 0.078125
0 0.70703125 0.40390625 0.0625 0.09296875
0 0.90078125 0.1203125 0.059375 0.0734375
0 0.89921875 0.0328125 0.05625 0.06328125
0 0.76640625 0.0296875 0.071875 0.05625
0 0.684375 0.05234375 0.0578125 0.10234375
0 0.51875 0.034375 0.0703125 0.06640625
0 0.48046875 0.1015625 0.0609375 0.084375
0 0.95078125 0.34296875 0.05 0.0640625
0 0.9328125 0.42109375 0.0515625 0.0546875
0 0.9203125 0.5421875 0.06640625 0.09375
0 0.77421875 0.475 0.0453125 0.08984375
0 0.8796875 0.45390625 0.0265625 0.03046875
0 0.5015625 0.31171875 0.05546875 0.06640625
0 0.44609375 0.378125 0.06328125 0.09375
0 0.48359375 0.42265625 0.06640625 0.103125
0 0.53203125 0.3734375 0.034375 0.0421875
0 0.57265625 0.378125 0.06328125 0.08125
0 0.61015625 0.440625 0.0390625 0.0421875
0 0.54140625 0.44609375 0.0359375 0.0625
0 0.653125 0.459375 0.0484375 0.0734375
0 0.68046875 0.4828125 0.04765625 0.0609375
0 0.7171875 0.4984375 0.04765625 0.05546875
0 0.78203125 0.540625 0.02734375 0.04375
0 0.86640625 0.62421875 0.028125 0.03828125
0 0.9390625 0.63359375 0.04296875 0.046875
0 0.525 0.5125 0.059375 0.0984375
0 0.48125 0.53671875 0.04765625 0.096875
0 0.60234375 0.60859375 0.04375 0.07890625
0 0.55546875 0.62578125 0.05390625 0.10078125
0 0.5125 0.62890625 0.0421875 0.0640625
0 0.6296875 0.56328125 0.0421875 0.084375
0 0.66953125 0.5640625 0.0671875 0.10546875
0 0.725 0.61328125 0.0546875 0.103125
0 0.76640625 0.603125 0.034375 0.06171875
0 0.8109375 0.6328125 0.05859375 0.115625
0 0.871875 0.7203125 0.06171875 0.121875
0 0.8953125 0.76171875 0.034375 0.040625
0 0.96796875 0.7515625 0.06328125 0.07109375
0 0.946875 0.68046875 0.0578125 0.05859375
0 0.78125 0.7296875 0.0484375 0.0609375
0 0.72421875 0.7359375 0.03828125 0.0546875
0 0.65703125 0.7546875 0.0765625 0.078125
0 0.60859375 0.72421875 0.075 0.0734375
0 0.55703125 0.715625 0.059375 0.06171875
0 0.7796875 0.796875 0.04296875 0.06640625
0 0.71875 0.79375 0.053125 0.07109375
0 0.82734375 0.8546875 0.05625 0.053125
0 0.98046875 0.8515625 0.0390625 0.06640625
0 0.91875 0.865625 0.0390625 0.053125
0 0.70859375 0.878125 0.0515625 0.09296875
0 0.74375 0.909375 0.05078125 0.06953125
0 0.65078125 0.828125 0.03046875 0.040625
0 0.60703125 0.8703125 0.06171875 0.13203125
0 0.41171875 0.4984375 0.059375 0.0546875
0 0.34609375 0.5265625 0.06953125 0.07734375
0 0.28515625 0.6703125 0.06875 0.0578125
0 0.2328125 0.65546875 0.08671875 0.078125
0 0.17265625 0.6578125 0.07890625 0.08671875
0 0.153125 0.78203125 0.05625 0.12109375
0 0.209375 0.80234375 0.065625 0.1046875
0 0.309375 0.80546875 0.04765625 0.1078125
0 0.36484375 0.81875 0.065625 0.12578125
0 0.48515625 0.81171875 0.03984375 0.06875
0 0.5640625 0.8390625 0.0390625 0.07421875
0 0.11015625 0.721875 0.0328125 0.03125
0 0.4546875 0.69375 0.0578125 0.059375
0 0.4265625 0.553125 0.06171875 0.059375
0 0.42578125 0.646875 0.0390625 0.04609375
0 0.884375 0.940625 0.0578125 0.0609375
0 0.81484375 0.9640625 0.03984375 0.059375
0 0.98125 0.9359375 0.03125 0.040625
0 0.5015625 0.91875 0.07109375 0.05390625
0 0.44609375 0.8828125 0.06953125 0.0625
0 0.5265625 0.965625 0.05390625 0.05859375
0 0.3953125 0.9640625 0.046875 0.07109375
0 0.35703125 0.9375 0.06328125 0.1109375