0 0.51328125 0.4953125 0.23828125 0.08671875
0 0.40625 0.6421875 0.1921875 0.21171875
0 0.365625 0.37109375 0.1390625 0.12734375
0 0.57578125 0.75 0.21875 0.134375
0 0.25390625 0.734375 0.228125 0.12734375
0 0.259375 0.62109375 0.21171875 0.209375
0 0.79453125 0.2390625 0.30546875 0.12265625
0 0.834375 0.4234375 0.259375 0.1734375
0 0.4625 0.1265625 0.15625 0.1421875
0 0.15859375 0.37109375 0.1921875 0.12734375
0 0.59140625 0.89296875 0.29296875 0.11796875
0 0.7125 0.57578125 0.1703125 0.0984375
0 0.1828125 0.1625 0.09609375 0.12734375
0 0.09765625 0.240625 0.11796875 0.10546875