0 0.48359375 0.7046875 0.2734375 0.3359375
0 0.12109375 0.7796875 0.134375 0.1859375
0 0.08828125 0.6296875 0.175 0.11640625
0 0.37109375 0.49296875 0.2359375 0.24140625
0 0.72734375 0.50546875 0.396875 0.21015625
0 0.85859375 0.36640625 0.184375 0.28828125
0 0.721875 0.2828125 0.10546875 0.1703125
0 0.62734375 0.071875 0.1375 0.1421875
0 0.83203125 0.134375 0.225 0.1328125
0 0.95078125 0.2171875 0.0984375 0.09296875
0 0.54609375 0.25703125 0.228125 0.07109375
0 0.3546875 0.2859375 0.2578125 0.0875
0 0.6078125 0.36796875 0.259375 0.1