0 0.39609375 0.26015625 0.11640625 0.2234375
0 0.3328125 0.34296875 0.1265625 0.22734375
0 0.4734375 0.1046875 0.12578125 0.1578125
0 0.6765625 0.5296875 0.0921875 0.19453125
0 0.44140625 0.915625 0.1015625 0.16796875
0 0.67421875 0.79453125 0.0734375 0.09296875
0 0.60703125 0.8109375 0.06328125 0.1234375
0 0.415625 0.8015625 0.07890625 0.13125
0 0.78125 0.665625 0.05859375 0.11796875
0 0.56171875 0.690625 0.0265625 0.0671875
0 0.590625 0.7 0.02265625 0.05546875
0 0.55390625 0.5453125 0.08125 0.121875
0 0.4609375 0.45390625 0.0796875 0.134375
0 0.2765625 0.2171875 0.0953125 0.1703125
0 0.41015625 0.56640625 0.0953125 0.203125
0 0.35625 0.4625 0.1046875 0.14921875
0 0.815625 0.721875 0.04765625 0.12578125
0 0.6046875 0.928125 0.0734375 0.1109375
0 0.56484375 0.3515625 0.10078125 0.14453125