0 0.3015625 0.6703125 0.11328125 0.15859375
0 0.5421875 0.69609375 0.1421875 0.2140625
0 0.55078125 0.521875 0.1296875 0.115625
0 0.4203125 0.43125 0.115625 0.13671875
0 0.3453125 0.43125 0.06015625 0.0984375
0 0.28359375 0.4234375 0.071875 0.125
0 0.23671875 0.54453125 0.11796875 0.15625
0 0.56484375 0.4046875 0.115625 0.0984375
0 0.515625 0.3328125 0.06953125 0.13671875
0 0.5953125 0.3171875 0.0890625 0.125
0 0.7359375 0.328125 0.125 0.11328125
0 0.75625 0.41484375 0.1421875 0.0890625
0 0.834375 0.353125 0.0671875 0.0765625
0 0.75234375 0.55859375 0.15390625 0.103125
0 0.85546875 0.56953125 0.071875 0.10546875
0 0.83515625 0.69140625 0.0984375 0.15625
0 0.4734375 0.83203125 0.1828125 0.16796875
0 0.296875 0.834375 0.17578125 0.1734375
0 0.1140625 0.68984375 0.1078125 0.1390625
0 0.07421875 0.56953125 0.09140625 0.1109375