0 0.63984375 0.46953125 0.34375 0.37109375
0 0.403125 0.31640625 0.1828125 0.26953125
0 0.08203125 0.2359375 0.134375 0.08203125
0 0.18515625 0.34609375 0.14140625 0.128125
0 0.1796875 0.69921875 0.1390625 0.1546875
0 0.65703125 0.82109375 0.23515625 0.32734375
0 0.2078125 0.940625 0.1171875 0.11796875
0 0.6265625 0.140625 0.2203125 0.10546875
0 0.215625 0.45 0.1296875 0.10078125
0 0.04765625 0.59765625 0.090625 0.125
0 0.39296875 0.640625 0.1140625 0.109375
0 0.8421875 0.36875 0.315625 0.3015625
0 0.92578125 0.16640625 0.1484375 0.1140625