0 0.1546875 0.1671875 0.14453125 0.11328125
0 0.03515625 0.20390625 0.06875 0.128125
0 0.21796875 0.1 0.07890625 0.15546875
0 0.271875 0.26953125 0.0796875 0.1328125
0 0.3078125 0.14921875 0.08515625 0.10625
0 0.08515625 0.33515625 0.09375 0.165625
0 0.0515625 0.490625 0.1015625 0.12890625
0 0.16015625 0.43984375 0.1109375 0.07734375
0 0.19765625 0.5109375 0.10078125 0.10546875
0 0.21953125 0.30390625 0.084375 0.171875
0 0.38984375 0.1828125 0.10546875 0.06640625
0 0.52265625 0.28515625 0.0859375 0.0625
0 0.3921875 0.053125 0.0765625 0.10078125
0 0.45 0.1140625 0.04609375 0.07734375
0 0.13125 0.61015625 0.053125 0.0984375
0 0.06171875 0.66015625 0.084375 0.078125
0 0.1421875 0.6984375 0.0484375 0.078125
0 0.2078125 0.70390625 0.0625 0.11640625
0 0.29765625 0.62734375 0.0765625 0.05546875
0 0.378125 0.4984375 0.06171875 0.1328125
0 0.44765625 0.5375 0.10625 0.09296875
0 0.371875 0.64140625 0.075 0.1484375
0 0.275 0.79375 0.13203125 0.0953125
0 0.1734375 0.82734375 0.0828125 0.12421875
0 0.06484375 0.83125 0.128125 0.0890625
0 0.384375 0.859375 0.1421875 0.1078125
0 0.29765625 0.9328125 0.096875 0.134375
0 0.18515625 0.9328125 0.0828125 0.0953125
0 0.08515625 0.93359375 0.0921875 0.1328125
0 0.490625 0.734375 0.11015625 0.134375
0 0.5484375 0.8734375 0.06328125 0.13984375
0 0.603125 0.815625 0.06875 0.11015625
0 0.55546875 0.2015625 0.07890625 0.153125
0 0.5953125 0.12421875 0.0765625 0.140625
0 0.5421875 0.0265625 0.0890625 0.05078125
0 0.58984375 0.36015625 0.0640625 0.1421875
0 0.52890625 0.4328125 0.14765625 0.11875
0 0.62890625 0.903125 0.109375 0.0828125
0 0.74140625 0.83046875 0.065625 0.065625
0 0.71328125 0.75703125 0.0890625 0.0828125
0 0.6828125 0.6203125 0.09765625 0.1015625
0 0.77109375 0.6125 0.07890625 0.096875
0 0.721875 0.49765625 0.07109375 0.13359375
0 0.65390625 0.37734375 0.0515625 0.13359375
0 0.71640625 0.17265625 0.09453125 0.096875
0 0.653125 0.52421875 0.09765625 0.1078125
0 0.85078125 0.51484375 0.09453125 0.18359375
0 0.8140625 0.73984375 0.0828125 0.1140625
0 0.93203125 0.815625 0.07109375 0.1234375
0 0.925 0.6953125 0.07109375 0.1109375
0 0.8484375 0.37109375 0.06953125 0.103125
0 0.746875 0.3875 0.1375 0.10078125
0 0.7453125 0.28203125 0.0734375 0.125
0 0.92734375 0.38046875 0.1046875 0.08515625
0 0.8953125 0.9015625 0.05078125 0.0703125
0 0.965625 0.94453125 0.0625 0.03984375
0 0.7515625 0.9703125 0.0359375 0.04296875