0 0.53515625 0.65390625 0.1515625 0.134375
0 0.584375 0.55546875 0.04296875 0.08671875
0 0.13125 0.94921875 0.0359375 0.08671875
0 0.14453125 0.8265625 0.04296875 0.09140625
0 0.18046875 0.8453125 0.03828125 0.06484375
0 0.4046875 0.475 0.05546875 0.05546875
0 0.39921875 0.58203125 0.0671875 0.10546875
0 0.67578125 0.6453125 0.08203125 0.07421875
0 0.9234375 0.525 0.14921875 0.103125
0 0.82109375 0.56015625 0.05546875 0.09140625
0 0.6203125 0.34765625 0.0484375 0.11796875
0 0.65859375 0.53359375 0.0671875 0.125
0 0.72265625 0.55859375 0.0453125 0.0890625
0 0.24765625 0.68046875 0.0484375 0.08203125
0 0.30859375 0.70078125 0.06953125 0.11796875
0 0.196875 0.75 0.03828125 0.09140625
0 0.25 0.84609375 0.03828125 0.09140625
0 0.2484375 0.49296875 0.06484375 0.0625
0 0.553125 0.4046875 0.0671875 0.165625
0 0.7546875 0.38359375 0.0484375 0.1609375
0 0.5375 0.78984375 0.13671875 0.0984375
0 0.678125 0.89296875 0.1109375 0.13203125
0 0.46015625 0.6859375 0.05078125 0.084375
0 0.39453125 0.67421875 0.0671875 0.0890625
0 0.2234375 0.609375 0.0625 0.0890625
0 0.25234375 0.38671875 0.0671875 0.10078125
0 0.2859375 0.32421875 0.071875 0.1296875
0 0.0828125 0.53828125 0.11796875 0.196875
0 0.0515625 0.7640625 0.103125 0.178125
0 0.35 0.928125 0.165625 0.125
0 0.39453125 0.81015625 0.14921875 0.15390625
0 0.41484375 0.78359375 0.06953125 0.10546875