0 0.2296875 0.13671875 0.38671875 0.271875
0 0.38984375 0.440625 0.2703125 0.55078125
0 0.9078125 0.5828125 0.184375 0.2234375
0 0.63828125 0.41953125 0.26875 0.4578125
0 0.68828125 0.0640625 0.1953125 0.12578125
0 0.88515625 0.290625 0.2296875 0.16484375
0 0.609375 0.7453125 0.1875 0.33984375
0 0.090625 0.86640625 0.17890625 0.2671875
0 0.29765625 0.8203125 0.278125 0.359375
0 0.8296875 0.92734375 0.246875 0.1453125
0 0.85078125 0.778125 0.29765625 0.30078125
0 0.0859375 0.66328125 0.1703125 0.19921875