0 0.19453125 0.26640625 0.28125 0.31328125
0 0.30703125 0.64140625 0.16328125 0.67578125
0 0.4796875 0.30625 0.27421875 0.35078125
0 0.8296875 0.334375 0.24375 0.203125
0 0.7671875 0.17265625 0.1953125 0.2390625
0 0.82734375 0.08671875 0.08203125 0.171875
0 0.88046875 0.50859375 0.2390625 0.2078125
0 0.6578125 0.58515625 0.16484375 0.36640625
0 0.71953125 0.759375 0.1515625 0.45390625
0 0.9015625 0.80234375 0.196875 0.3953125
0 0.1921875 0.08125 0.2921875 0.1609375
0 0.4734375 0.0734375 0.25390625 0.1453125