0 0.58515625 0.43203125 0.4515625 0.425
0 0.88671875 0.275 0.2265625 0.1875
0 0.21953125 0.37734375 0.33515625 0.3390625
0 0.115625 0.1078125 0.228125 0.2140625
0 0.8078125 0.0875 0.30078125 0.17265625
0 0.38125 0.80703125 0.0484375 0.04609375
0 0.42890625 0.80859375 0.05 0.0546875
0 0.26640625 0.87421875 0.04765625 0.04609375
0 0.75078125 0.86015625 0.07734375 0.07734375
0 0.8203125 0.96328125 0.0859375 0.06328125
0 0.63046875 0.95390625 0.090625 0.07109375
0 0.7140625 0.92890625 0.0609375 0.0484375
0 0.8625 0.86875 0.0515625 0.046875