0 0.415625 0.184375 0.10859375 0.1
0 0.62421875 0.2125 0.0921875 0.05078125
0 0.24609375 0.43828125 0.11328125 0.0625
0 0.23359375 0.6203125 0.0578125 0.1390625
0 0.0890625 0.71796875 0.1015625 0.09296875
0 0.1671875 0.7640625 0.08984375 0.1171875
0 0.5109375 0.53515625 0.11328125 0.1109375
0 0.4078125 0.509375 0.059375 0.0890625
0 0.64921875 0.82734375 0.0921875 0.1515625
0 0.559375 0.8921875 0.0484375 0.13984375
0 0.67421875 0.93359375 0.10078125 0.0625
0 0.6921875 0.63984375 0.0890625 0.0640625
0 0.6453125 0.58671875 0.0640625 0.059375
0 0.659375 0.39921875 0.03828125 0.109375
0 0.35546875 0.9484375 0.0625 0.07421875
0 0.7515625 0.61875 0.07734375 0.03984375
0 0.7640625 0.5484375 0.08671875 0.0375
0 0.7703125 0.3828125 0.0703125 0.0484375
0 0.5203125 0.153125 0.04609375 0.08515625
0 0.5 0.23125 0.0625 0.07890625
0 0.4046875 0.28984375 0.0890625 0.0625
0 0.58984375 0.28828125 0.12109375 0.06171875
0 0.4328125 0.3671875 0.08203125 0.08984375
0 0.4671875 0.94921875 0.0671875 0.1015625
0 0.47734375 0.753125 0.115625 0.090625
0 0.584375 0.43984375 0.05625 0.0984375
0 0.56875 0.11015625 0.0421875 0.08984375
0 0.2375 0.3671875 0.03046875 0.0484375
0 0.05546875 0.528125 0.06328125 0.03125
0 0.3421875 0.4578125 0.05078125 0.0703125
0 0.2953125 0.63125 0.03515625 0.05
0 0.39921875 0.61875 0.065625 0.090625