0 0.4078125 0.28359375 0.12265625 0.21171875
0 0.5 0.4484375 0.08671875 0.1421875
0 0.1234375 0.41015625 0.0796875 0.1515625
0 0.046875 0.47734375 0.0890625 0.11796875
0 0.31640625 0.06875 0.21875 0.13203125
0 0.7609375 0.3234375 0.1078125 0.18046875
0 0.89453125 0.47578125 0.14921875 0.115625
0 0.959375 0.28515625 0.0765625 0.2046875
0 0.3421875 0.78359375 0.165625 0.125
0 0.4171875 0.91484375 0.084375 0.1609375
0 0.4015625 0.60546875 0.08671875 0.16796875
0 0.6 0.915625 0.0984375 0.0671875
0 0.63125 0.68515625 0.084375 0.1390625
0 0.51328125 0.32578125 0.06015625 0.1421875
0 0.3890625 0.45078125 0.15390625 0.1421875