0 0.4390625 0.2921875 0.1125 0.1015625
0 0.51484375 0.2453125 0.1265625 0.09375
0 0.4109375 0.159375 0.08203125 0.15625
0 0.4921875 0.09296875 0.08984375 0.178125
0 0.58671875 0.2078125 0.1171875 0.1125
0 0.684375 0.1734375 0.1171875 0.13125
0 0.5875 0.065625 0.0875 0.128125
0 0.6828125 0.04921875 0.08203125 0.096875
0 0.7546875 0.128125 0.109375 0.12109375
0 0.82890625 0.084375 0.1140625 0.08671875
0 0.8796875 0.21640625 0.140625 0.059375
0 0.90703125 0.325 0.12890625 0.075
0 0.6875 0.340625 0.0859375 0.14453125
0 0.6 0.371875 0.075 0.128125
0 0.5140625 0.4046875 0.0734375 0.12578125
0 0.43203125 0.4296875 0.08671875 0.1421875
0 0.4328125 0.55703125 0.10078125 0.096875
0 0.51484375 0.52421875 0.084375 0.10625
0 0.60390625 0.49921875 0.10859375 0.11875
0 0.6875 0.4765625 0.12109375 0.11875
0 0.7671875 0.45546875 0.10234375 0.11796875
0 0.92578125 0.409375 0.1421875 0.0859375
0 0.9296875 0.4984375 0.140625 0.078125
0 0.3015625 0.15390625 0.07109375 0.0890625
0 0.2859375 0.3140625 0.06953125 0.1140625
0 0.20703125 0.29765625 0.08203125 0.1390625
0 0.121875 0.29375 0.0921875 0.15625
0 0.29375 0.42890625 0.075 0.1328125
0 0.11640625 0.64453125 0.07890625 0.1171875
0 0.04453125 0.65 0.06328125 0.1125
0 0.034375 0.365625 0.0671875 0.10625
0 0.0921875 0.1203125 0.0859375 0.171875
0 0.2765625 0.56796875 0.075 0.11796875
0 0.20390625 0.5359375 0.078125 0.12578125
0 0.1984375 0.6390625 0.05859375 0.1296875
0 0.29140625 0.659375 0.0671875 0.10546875
0 0.203125 0.76796875 0.078125 0.12421875
0 0.13203125 0.75859375 0.07421875 0.11328125
0 0.4203125 0.67265625 0.0828125 0.11796875
0 0.49765625 0.65234375 0.07109375 0.1265625
0 0.5828125 0.634375 0.0890625 0.12578125
0 0.653125 0.63984375 0.096875 0.08671875
0 0.725 0.72578125 0.0875 0.140625
0 0.88203125 0.58828125 0.121875 0.07734375
0 0.9296875 0.8203125 0.084375 0.18125
0 0.28203125 0.85390625 0.0671875 0.10078125
0 0.20078125 0.86796875 0.0671875 0.090625
0 0.1171875 0.88828125 0.0875 0.07734375
0 0.428125 0.7796875 0.084375 0.10546875
0 0.51484375 0.771875 0.0828125 0.11015625