0 0.5703125 0.690625 0.0546875 0.0703125
0 0.1421875 0.8296875 0.05546875 0.06328125
0 0.1046875 0.5328125 0.05 0.08125
0 0.028125 0.5875 0.0453125 0.059375
0 0.09140625 0.64765625 0.034375 0.05390625
0 0.0640625 0.76640625 0.0234375 0.05
0 0.246875 0.88359375 0.04765625 0.07734375
0 0.7359375 0.328125 0.03046875 0.0453125
0 0.62265625 0.3171875 0.03203125 0.040625
0 0.61015625 0.25078125 0.025 0.0453125
0 0.365625 0.19453125 0.02265625 0.0421875
0 0.3484375 0.221875 0.01875 0.0328125
0 0.3453125 0.2875 0.02421875 0.03515625
0 0.39609375 0.365625 0.028125 0.03984375
0 0.43203125 0.37734375 0.03046875 0.04609375
0 0.41328125 0.3890625 0.01953125 0.02421875
0 0.39921875 0.4 0.0203125 0.028125
0 0.33359375 0.45546875 0.02421875 0.028125
0 0.178125 0.5671875 0.02734375 0.0265625
0 0.1453125 0.6125 0.025 0.0265625
0 0.271875 0.5875 0.01875 0.028125
0 0.8296875 0.221875 0.028125 0.0375
0 0.8015625 0.2109375 0.028125 0.046875
0 0.7921875 0.14453125 0.028125 0.0390625
0 0.81953125 0.1609375 0.028125 0.03125
0 0.87265625 0.22734375 0.034375 0.05546875
0 0.85625 0.3625 0.03984375 0.05390625
0 0.60078125 0.14140625 0.03125 0.0421875