0 0.21171875 0.77890625 0.03828125 0.03359375
0 0.0609375 0.928125 0.0265625 0.0578125
0 0.06484375 0.88203125 0.02890625 0.04296875
0 0.125 0.8640625 0.02890625 0.06953125
0 0.23671875 0.9171875 0.0453125 0.040625
0 0.27734375 0.703125 0.0265625 0.06953125
0 0.31484375 0.68359375 0.03828125 0.06015625
0 0.35546875 0.703125 0.0578125 0.040625
0 0.303125 0.9484375 0.053125 0.05078125
0 0.15625 0.75703125 0.02890625 0.02421875
0 0.06953125 0.6578125 0.0578125 0.06015625
0 0.2140625 0.6890625 0.02421875 0.03125
0 0.09140625 0.9203125 0.03359375 0.0625
0 0.38828125 0.8171875 0.06015625 0.08203125
0 0.365625 0.7453125 0.0625 0.0765625
0 0.3109375 0.77734375 0.06484375 0.0453125
0 0.28984375 0.8609375 0.06015625 0.053125
0 0.16484375 0.8078125 0.0265625 0.0625
0 0.7796875 0.8859375 0.228125 0.15625
0 0.73671875 0.7296875 0.2328125 0.15625
0 0.053125 0.23046875 0.0484375 0.0484375
0 0.19609375 0.41796875 0.06484375 0.08671875
0 0.19921875 0.21875 0.03359375 0.03359375
0 0.271875 0.26328125 0.03828125 0.040625
0 0.3546875 0.1546875 0.06484375 0.07421875
0 0.0421875 0.34375 0.0359375 0.10078125
0 0.29921875 0.225 0.0453125 0.040625
0 0.3421875 0.303125 0.06484375 0.0578125
0 0.2796875 0.384375 0.040625 0.0765625
0 0.2640625 0.30625 0.03828125 0.040625
0 0.23828125 0.2234375 0.03828125 0.02890625
0 0.1296875 0.3265625 0.0578125 0.0765625
0 0.07421875 0.18125 0.0671875 0.0984375
0 0.14921875 0.1828125 0.053125 0.08203125
0 0.37265625 0.4015625 0.0671875 0.071875