0 0.74375 0.6453125 0.1609375 0.18984375
0 0.865625 0.66796875 0.15859375 0.1875
0 0.71171875 0.7859375 0.21640625 0.16328125
0 0.7921875 0.15234375 0.17578125 0.24765625
0 0.68515625 0.23671875 0.196875 0.19453125
0 0.87265625 0.2390625 0.21640625 0.18515625
0 0.4625 0.57109375 0.17578125 0.1609375
0 0.48203125 0.45546875 0.12265625 0.12265625
0 0.56484375 0.58203125 0.10078125 0.14453125
0 0.15390625 0.72265625 0.1921875 0.165625
0 0.19140625 0.60546875 0.19453125 0.134375
0 0.2953125 0.77421875 0.15390625 0.1828125
0 0.1765625 0.33984375 0.28125 0.2328125
0 0.2546875 0.14921875 0.21640625 0.27890625
0 0.421875 0.25 0.25703125 0.259375