0 0.5109375 0.50625 0.1015625 0.08125
0 0.41640625 0.6 0.1203125 0.1390625
0 0.25234375 0.7296875 0.17109375 0.14765625
0 0.25546875 0.42109375 0.175 0.1453125
0 0.6328125 0.23125 0.2328125 0.13359375
0 0.82734375 0.2859375 0.15625 0.08984375
0 0.7046875 0.1359375 0.15703125 0.2109375
0 0.403125 0.09140625 0.12421875 0.18046875
0 0.196875 0.1 0.15546875 0.17109375
0 0.253125 0.24140625 0.2546875 0.13359375
0 0.05546875 0.22578125 0.10859375 0.08671875
0 0.175 0.534375 0.2234375 0.19453125
0 0.528125 0.4265625 0.184375 0.0796875
0 0.68125 0.378125 0.14140625 0.07109375
0 0.60859375 0.5359375 0.2078125 0.128125
0 0.371875 0.325 0.12109375 0.19375
0 0.8859375 0.12578125 0.228125 0.146875
0 0.48984375 0.1765625 0.23125 0.1125