0 0.5671875 0.66953125 0.1921875 0.25234375
0 0.7546875 0.7546875 0.321875 0.115625
0 0.1140625 0.6078125 0.2046875 0.15390625
0 0.31015625 0.61796875 0.15390625 0.2453125
0 0.3859375 0.74765625 0.13671875 0.22578125
0 0.6140625 0.27265625 0.17578125 0.271875
0 0.7453125 0.1140625 0.3078125 0.103125
0 0.853125 0.18984375 0.26953125 0.09609375
0 0.759375 0.2640625 0.1390625 0.16796875
0 0.1515625 0.14921875 0.178125 0.178125
0 0.36328125 0.17421875 0.16796875 0.2765625
0 0.39296875 0.30546875 0.165625 0.22109375
0 0.2078125 0.3765625 0.290625 0.146875