0 0.0546875 0.97109375 0.03125 0.0578125
0 0.0359375 0.9453125 0.04296875 0.0234375
0 0.11640625 0.9390625 0.02734375 0.03515625
0 0.134375 0.9515625 0.025 0.0390625
0 0.13984375 0.896875 0.03984375 0.0265625
0 0.13359375 0.8265625 0.02421875 0.05546875
0 0.0984375 0.82890625 0.021875 0.053125
0 0.059375 0.809375 0.021875 0.0609375
0 0.06328125 0.73125 0.05078125 0.03203125
0 0.028125 0.75703125 0.0203125 0.05078125
0 0.059375 0.6921875 0.03125 0.01875
0 0.08671875 0.6859375 0.0203125 0.03125
0 0.14296875 0.6859375 0.03046875 0.053125
0 0.1328125 0.7375 0.0171875 0.01953125
0 0.11015625 0.75703125 0.0296875 0.03046875
0 0.0796875 0.77734375 0.02734375 0.015625
0 0.1484375 0.7921875 0.015625 0.0328125
0 0.1578125 0.771875 0.0203125 0.0140625
0 0.16875 0.75703125 0.0203125 0.0140625
0 0.15703125 0.728125 0.0140625 0.034375
0 0.17734375 0.7 0.0265625 0.015625
0 0.175 0.8578125 0.028125 0.053125
0 0.18515625 0.903125 0.0359375 0.025
0 0.2578125 0.94140625 0.0390625 0.03515625
0 0.10703125 0.9796875 0.02421875 0.03828125
0 0.08046875 0.9546875 0.0265625 0.03046875
0 0.084375 0.8625 0.0421875 0.0328125
0 0.040625 0.85 0.0359375 0.02265625
0 0.0171875 0.8734375 0.02421875 0.025
0 0.1171875 0.63203125 0.021875 0.040625
0 0.1515625 0.6375 0.03984375 0.0328125
0 0.084375 0.64375 0.0359375 0.0234375
0 0.03671875 0.6609375 0.05 0.025
0 0.05234375 0.5875 0.02421875 0.046875
0 0.0359375 0.59453125 0.028125 0.01875
0 0.04375 0.63203125 0.015625 0.028125
0 0.16640625 0.66484375 0.01640625 0.02421875
0 0.1765625 0.5921875 0.03046875 0.028125
0 0.14296875 0.575 0.01875 0.03515625
0 0.08125 0.603125 0.0125 0.025
0 0.075 0.56953125 0.01484375 0.03515625
0 0.0953125 0.5796875 0.03046875 0.021875
0 0.059375 0.51796875 0.021875 0.03203125
0 0.0328125 0.49453125 0.03203125 0.01875
0 0.0328125 0.46953125 0.034375 0.021875
0 0.075 0.43671875 0.0203125 0.0296875
0 0.08671875 0.40625 0.03515625 0.025
0 0.0578125 0.4015625 0.0234375 0.0359375
0 0.0296875 0.40546875 0.01640625 0.034375
0 0.20703125 0.63203125 0.025 0.03828125
0 0.22265625 0.671875 0.021875 0.046875
0 0.23203125 0.709375 0.02421875 0.0359375
0 0.0234375 0.36015625 0.03515625 0.0359375
0 0.17734375 0.4609375 0.034375 0.0171875
0 0.1484375 0.36015625 0.025 0.03515625
0 0.140625 0.3921875 0.03125 0.0203125
0 0.2578125 0.4484375 0.01953125 0.034375
0 0.2203125 0.2984375 0.01640625 0.028125
0 0.115625 0.27578125 0.015625 0.0203125
0 0.209375 0.2203125 0.0171875 0.028125
0 0.225 0.884375 0.0359375 0.0515625
0 0.22734375 0.8421875 0.02265625 0.02734375
0 0.2328125 0.81328125 0.01953125 0.025
0 0.259375 0.771875 0.0203125 0.0171875
0 0.26640625 0.7296875 0.021875 0.03203125
0 0.28671875 0.73125 0.01875 0.040625
0 0.3375 0.93828125 0.021875 0.01484375
0 0.33984375 0.95546875 0.01953125 0.01875
0 0.35703125 0.925 0.01875 0.02265625
0 0.30625 0.96640625 0.01484375 0.0265625
0 0.2859375 0.98828125 0.0171875 0.015625
0 0.27265625 0.79375 0.0109375 0.0265625
0 0.2578125 0.8046875 0.021875 0.0171875
0 0.29609375 0.821875 0.01484375 0.0296875
0 0.2734375 0.84921875 0.01953125 0.028125
0 0.353125 0.78203125 0.01640625 0.03125
0 0.34765625 0.7609375 0.025 0.01953125
0 0.3390625 0.69609375 0.02265625 0.0328125
0 0.3125 0.68828125 0.01953125 0.046875
0 0.3234375 0.75390625 0.02421875 0.021875
0 0.34453125 0.7359375 0.02421875 0.01484375
0 0.37890625 0.74453125 0.015625 0.04375
0 0.44609375 0.771875 0.0171875 0.04609375
0 0.39375 0.6765625 0.0265625 0.03125
0 0.36796875 0.68671875 0.02734375 0.03828125
0 0.3234375 0.60625 0.03125 0.02265625
0 0.25234375 0.6484375 0.034375 0.0234375
0 0.26875 0.6203125 0.0328125 0.021875
0 0.25703125 0.70234375 0.01875 0.03203125
0 0.33046875 0.82109375 0.01484375 0.03125
0 0.3625 0.878125 0.0109375 0.02421875
0 0.35390625 0.8921875 0.00859375 0.021875
0 0.3921875 0.590625 0.0328125 0.0234375
0 0.36875 0.57734375 0.015625 0.04296875
0 0.3078125 0.56953125 0.01640625 0.046875
0 0.3453125 0.57890625 0.0109375 0.03046875
0 0.225 0.46875 0.01875 0.03125
0 0.2046875 0.45234375 0.0171875 0.02421875
0 0.26875 0.35546875 0.0203125 0.0328125
0 0.3015625 0.38984375 0.02734375 0.0296875
0 0.3015625 0.41484375 0.03203125 0.021875
0 0.26875 0.31015625 0.028125 0.01640625
0 0.4078125 0.24375 0.0203125 0.04609375
0 0.38984375 0.22890625 0.03125 0.02421875
0 0.5109375 0.2765625 0.025 0.040625
0 0.3453125 0.82890625 0.01640625 0.0265625
0 0.45546875 0.83671875 0.0203125 0.0140625
0 0.45390625 0.8203125 0.01875 0.0140625
0 0.3890625 0.925 0.01171875 0.0265625
0 0.61328125 0.909375 0.0171875 0.025
0 0.6 0.915625 0.0109375 0.0265625
0 0.628125 0.8703125 0.009375 0.021875
0 0.56953125 0.8125 0.01171875 0.0234375
0 0.54765625 0.65546875 0.0125 0.03046875