0 0.19140625 0.44765625 0.125 0.2390625
0 0.075 0.1078125 0.0546875 0.14375
0 0.396875 0.16640625 0.17578125 0.15546875
0 0.53828125 0.29921875 0.1921875 0.20234375
0 0.4671875 0.63046875 0.1546875 0.14140625
0 0.5984375 0.746875 0.1171875 0.2046875
0 0.70078125 0.69375 0.17265625 0.2453125
0 0.83359375 0.8140625 0.0984375 0.0765625
0 0.4953125 0.846875 0.0734375 0.1296875
0 0.66953125 0.334375 0.159375 0.1578125
0 0.690625 0.11640625 0.17578125 0.184375
0 0.85078125 0.384375 0.09765625 0.165625
0 0.92109375 0.62734375 0.12109375 0.1453125
0 0.9515625 0.3265625 0.096875 0.184375
0 0.83671875 0.8796875 0.0953125 0.059375
0 0.91171875 0.93125 0.1203125 0.13671875
0 0.35390625 0.39140625 0.16875 0.18828125
0 0.31640625 0.30234375 0.1859375 0.20625