0 0.828125 0.19140625 0.07421875 0.06484375
0 0.828125 0.09609375 0.0890625 0.04296875
0 0.64296875 0.16328125 0.0796875 0.02421875
0 0.2984375 0.1453125 0.0625 0.040625
0 0.34375 0.1703125 0.0765625 0.03828125
0 0.5796875 0.525 0.09140625 0.0265625
0 0.50234375 0.54453125 0.071875 0.0265625
0 0.553125 0.334375 0.04296875 0.03828125
0 0.7484375 0.3125 0.084375 0.02890625
0 0.35 0.20703125 0.0796875 0.01953125
0 0.6515625 0.23671875 0.04296875 0.03125
0 0.93125 0.275 0.0453125 0.05078125
0 0.90859375 0.203125 0.0625 0.0359375
0 0.9109375 0.0921875 0.053125 0.0359375
0 0.24140625 0.0765625 0.040625 0.053125
0 0.34140625 0.08671875 0.0625 0.0484375
0 0.53515625 0.1 0.05078125 0.040625
0 0.26171875 0.36640625 0.0671875 0.0265625
0 0.29453125 0.27421875 0.06953125 0.053125
0 0.38203125 0.2859375 0.071875 0.02890625
0 0.353125 0.25390625 0.0625 0.05078125
0 0.61640625 0.29921875 0.05546875 0.03125
0 0.86796875 0.59140625 0.115625 0.03828125
0 0.86875 0.54921875 0.07421875 0.0359375
0 0.8453125 0.484375 0.09375 0.0359375
0 0.86875 0.41953125 0.09375 0.05546875
0 0.7671875 0.3734375 0.0671875 0.06015625
0 0.71640625 0.4125 0.08671875 0.03125
0 0.1609375 0.51796875 0.04296875 0.07421875
0 0.3296875 0.54296875 0.1109375 0.0484375
0 0.36796875 0.56953125 0.10078125 0.04296875
0 0.39921875 0.4796875 0.10546875 0.040625
0 0.2640625 0.47734375 0.1203125 0.05078125
0 0.4203125 0.4109375 0.0484375 0.03828125
0 0.38125 0.3859375 0.040625 0.0453125
0 0.4328125 0.33984375 0.0671875 0.0265625
0 0.49296875 0.32578125 0.0484375 0.0453125
0 0.47265625 0.3640625 0.05546875 0.03125
0 0.52734375 0.44375 0.084375 0.0359375
0 0.603125 0.43125 0.0625 0.040625
0 0.63125 0.4625 0.0796875 0.03125
0 0.53828125 0.47265625 0.10546875 0.0265625