0 0.6359375 0.6078125 0.146875 0.27890625
0 0.1359375 0.5453125 0.21875 0.178125
0 0.2984375 0.67578125 0.1109375 0.2546875
0 0.23046875 0.3890625 0.1390625 0.196875
0 0.3078125 0.30625 0.14453125 0.1421875
0 0.48203125 0.45078125 0.12734375 0.0796875
0 0.634375 0.421875 0.178125 0.0890625
0 0.73828125 0.3640625 0.0625 0.2328125
0 0.8734375 0.52421875 0.21875 0.15859375
0 0.5734375 0.87265625 0.146875 0.09609375
0 0.4546875 0.86640625 0.10078125 0.09375
0 0.5265625 0.93359375 0.0671875 0.0890625
0 0.5828125 0.1828125 0.084375 0.1875
0 0.45703125 0.11796875 0.14453125 0.16796875
0 0.59609375 0.28984375 0.09609375 0.05546875
0 0.5171875 0.22734375 0.0671875 0.11796875
0 0.48046875 0.24609375 0.10546875 0.0984375
0 0.37109375 0.6296875 0.084375 0.14921875