0 0.22265625 0.4796875 0.259375 0.19453125
0 0.3421875 0.5484375 0.20390625 0.3390625
0 0.6125 0.56796875 0.14453125 0.346875
0 0.90546875 0.7625 0.13984375 0.22578125
0 0.72734375 0.90390625 0.1953125 0.1140625
0 0.21171875 0.93671875 0.103125 0.12578125
0 0.94140625 0.18828125 0.1171875 0.0921875
0 0.24921875 0.14765625 0.08203125 0.109375
0 0.35 0.13359375 0.128125 0.08125
0 0.67421875 0.3 0.06953125 0.11796875
0 0.571875 0.96640625 0.07734375 0.0671875
0 0.365625 0.23984375 0.0984375 0.10234375
0 0.53046875 0.19921875 0.0890625 0.0546875