0 0.415625 0.85 0.09609375 0.11796875
0 0.32421875 0.87265625 0.10546875 0.115625
0 0.76171875 0.571875 0.09140625 0.115625
0 0.4046875 0.43046875 0.084375 0.1875
0 0.375 0.55625 0.10078125 0.13203125
0 0.203125 0.4359375 0.0890625 0.18984375
0 0.2640625 0.56015625 0.10546875 0.115625
0 0.83515625 0.125 0.09375 0.196875
0 0.603125 0.1296875 0.09140625 0.2015625
0 0.43046875 0.2328125 0.115625 0.1296875
0 0.36328125 0.1234375 0.09609375 0.19921875
0 0.30546875 0.23828125 0.115625 0.1296875
0 0.20078125 0.23046875 0.103125 0.1203125
0 0.146875 0.12109375 0.09609375 0.18046875
0 0.0890625 0.240625 0.1203125 0.134375