0 0.853125 0.49296875 0.08671875 0.08671875
0 0.68515625 0.475 0.08203125 0.084375
0 0.6203125 0.46484375 0.03359375 0.0890625
0 0.25859375 0.4984375 0.0453125 0.11328125
0 0.3296875 0.4984375 0.0578125 0.084375
0 0.41953125 0.53515625 0.06953125 0.06953125
0 0.47265625 0.4109375 0.05078125 0.09609375
0 0.540625 0.4734375 0.0625 0.0625
0 0.12265625 0.19609375 0.178125 0.26171875
0 0.27734375 0.31015625 0.11328125 0.178125
0 0.89453125 0.446875 0.125 0.26953125
0 0.9078125 0.12890625 0.17578125 0.25234375
0 0.6578125 0.10703125 0.17578125 0.209375
0 0.28984375 0.12109375 0.26171875 0.23828125
0 0.32109375 0.765625 0.1078125 0.1609375
0 0.13828125 0.6828125 0.2765625 0.2546875
0 0.66484375 0.21484375 0.31484375 0.1703125
0 0.70703125 0.36171875 0.125 0.18515625
0 0.83984375 0.7359375 0.146875 0.28828125
0 0.74140625 0.68984375 0.1078125 0.27890625
0 0.4859375 0.69453125 0.15390625 0.1875
0 0.41015625 0.76953125 0.209375 0.3078125
0 0.571875 0.6546875 0.1734375 0.2671875