0 0.53828125 0.5734375 0.2578125 0.26171875
0 0.15 0.39765625 0.19140625 0.2734375
0 0.28828125 0.28515625 0.21015625 0.165625
0 0.44765625 0.28984375 0.1671875 0.2796875
0 0.33671875 0.103125 0.1171875 0.20390625
0 0.428125 0.728125 0.1703125 0.3359375
0 0.5453125 0.8671875 0.078125 0.12890625
0 0.659375 0.87578125 0.1296875 0.13125
0 0.78203125 0.9 0.08671875 0.13671875
0 0.90625 0.94140625 0.171875 0.1171875
0 0.87421875 0.28671875 0.128125 0.1046875
0 0.78984375 0.20234375 0.05 0.14765625
0 0.73515625 0.3296875 0.09296875 0.115625
0 0.665625 0.38515625 0.10625 0.1203125
0 0.05390625 0.8953125 0.10546875 0.12890625
0 0.32265625 0.9046875 0.08515625 0.16484375
0 0.2328125 0.96953125 0.1578125 0.0609375
0 0.5390625 0.9734375 0.0875 0.053125
0 0.9015625 0.4 0.11796875 0.090625
0 0.9765625 0.31328125 0.046875 0.134375
0 0.14453125 0.13359375 0.1015625 0.2640625
0 0.61875 0.0515625 0.1375 0.1015625
0 0.884375 0.090625 0.07890625 0.090625
0 0.75390625 0.79453125 0.0765625 0.0890625
0 0.97109375 0.86015625 0.0578125 0.0671875
0 0.221875 0.69765625 0.14375 0.25859375