0 0.1359375 0.415625 0.13203125 0.22578125
0 0.18125 0.4640625 0.06953125 0.20703125
0 0.63828125 0.34375 0.0796875 0.240625
0 0.790625 0.4953125 0.15390625 0.16328125
0 0.82578125 0.6203125 0.1078125 0.134375
0 0.74765625 0.62265625 0.1109375 0.1109375
0 0.6875 0.54921875 0.0671875 0.12734375
0 0.28125 0.36640625 0.071875 0.0453125
0 0.38203125 0.3640625 0.0671875 0.06953125
0 0.3953125 0.4328125 0.0265625 0.08203125
0 0.35 0.475 0.07421875 0.05078125
0 0.30625 0.640625 0.05546875 0.13671875
0 0.24765625 0.578125 0.1109375 0.26171875
0 0.36328125 0.571875 0.09140625 0.1203125
0 0.490625 0.43515625 0.1390625 0.1109375
0 0.57421875 0.478125 0.071875 0.1296875