0 0.459375 0.66484375 0.2125 0.39375
0 0.665625 0.6265625 0.2125 0.3640625
0 0.8859375 0.6015625 0.22734375 0.35546875
0 0.4703125 0.2328125 0.2421875 0.34375
0 0.7078125 0.19375 0.225 0.36015625
0 0.8453125 0.10859375 0.2046875 0.1953125
0 0.9640625 0.35703125 0.071875 0.17890625
0 0.084375 0.440625 0.1671875 0.28203125
0 0.0609375 0.80625 0.11875 0.38671875
0 0.26484375 0.71796875 0.190625 0.359375
0 0.4109375 0.89375 0.21015625 0.21171875
0 0.83828125 0.89453125 0.14140625 0.2109375
0 0.70234375 0.85625 0.1453125 0.1875
0 0.2125 0.14765625 0.25625 0.29375