0 0.646875 0.275 0.1578125 0.3796875
0 0.45625 0.25703125 0.1796875 0.3625
0 0.29375 0.3125 0.134375 0.259375
0 0.175 0.42109375 0.08203125 0.1328125
0 0.10234375 0.553125 0.11328125 0.0859375
0 0.17890625 0.63203125 0.084375 0.2453125
0 0.31953125 0.678125 0.1390625 0.38671875
0 0.47265625 0.709375 0.178125 0.43828125
0 0.62265625 0.69140625 0.159375 0.36328125
0 0.6265625 0.88359375 0.31875 0.2328125
0 0.89765625 0.85234375 0.20390625 0.271875
0 0.9453125 0.19375 0.109375 0.384375
0 0.6640625 0.09375 0.2171875 0.1859375
0 0.11796875 0.915625 0.23359375 0.16875
0 0.2859375 0.82890625 0.2375 0.328125