0 0.328125 0.44375 0.275 0.1875
0 0.3203125 0.69140625 0.1484375 0.24609375
0 0.58671875 0.56015625 0.1984375 0.2859375
0 0.57109375 0.175 0.1296875 0.26484375
0 0.59609375 0.30546875 0.159375 0.146875
0 0.70546875 0.28828125 0.08671875 0.0984375
0 0.75625 0.38984375 0.10859375 0.115625
0 0.73046875 0.48984375 0.1703125 0.1984375
0 0.39140625 0.26015625 0.18671875 0.21953125
0 0.4671875 0.81484375 0.22265625 0.36640625
0 0.6171875 0.7328125 0.084375 0.1359375
0 0.1875 0.5546875 0.23828125 0.2265625