0 0.5921875 0.44296875 0.2203125 0.16328125
0 0.82890625 0.42578125 0.22265625 0.1546875
0 0.7796875 0.61640625 0.21953125 0.2515625
0 0.59296875 0.57734375 0.1625 0.11328125
0 0.42265625 0.60703125 0.1546875 0.1453125
0 0.540625 0.1625 0.1515625 0.17890625
0 0.46875 0.3421875 0.196875 0.1671875
0 0.3453125 0.25 0.20703125 0.171875
0 0.32109375 0.07421875 0.17578125 0.1328125
0 0.42109375 0.140625 0.10859375 0.1078125
0 0.46640625 0.04375 0.08671875 0.08515625
0 0.2984375 0.6671875 0.10234375 0.13125
0 0.31171875 0.51328125 0.17109375 0.12421875
0 0.25703125 0.77421875 0.13671875 0.0921875
0 0.38359375 0.79140625 0.13671875 0.07890625
0 0.4203125 0.86953125 0.10078125 0.07890625
0 0.2171875 0.8890625 0.12578125 0.07421875
0 0.5890625 0.86875 0.0765625 0.071875
0 0.2828125 0.38984375 0.1453125 0.13203125
0 0.3015625 0.95625 0.07734375 0.0875
0 0.18125 0.9625 0.134375 0.07421875
0 0.5109375 0.95 0.084375 0.05625
0 0.51640625 0.88984375 0.07109375 0.0625
0 0.509375 0.6984375 0.1421875 0.16328125