0 0.571875 0.4671875 0.103125 0.05859375
0 0.46171875 0.47734375 0.04296875 0.059375
0 0.67734375 0.69609375 0.08671875 0.0328125
0 0.63984375 0.6546875 0.0578125 0.03515625
0 0.5671875 0.6375 0.071875 0.0421875
0 0.07890625 0.08828125 0.034375 0.03203125
0 0.11328125 0.115625 0.0484375 0.02421875
0 0.14296875 0.1625 0.0421875 0.02734375
0 0.14765625 0.190625 0.0578125 0.0265625
0 0.1375 0.3296875 0.05546875 0.02265625
0 0.01953125 0.33125 0.0375 0.0328125
0 0.0640625 0.3828125 0.06953125 0.03125
0 0.203125 0.39375 0.0484375 0.025
0 0.22890625 0.371875 0.06328125 0.028125
0 0.20703125 0.309375 0.0296875 0.028125
0 0.1265625 0.540625 0.034375 0.02421875
0 0.13125 0.5953125 0.04375 0.0265625
0 0.0359375 0.60234375 0.0703125 0.0296875
0 0.028125 0.65390625 0.0546875 0.03828125
0 0.09296875 0.6734375 0.034375 0.0203125
0 0.046875 0.76953125 0.04296875 0.03125
0 0.2171875 0.7859375 0.040625 0.034375
0 0.221875 0.6734375 0.028125 0.0328125
0 0.27421875 0.5984375 0.06640625 0.04296875
0 0.3703125 0.5921875 0.059375 0.0421875
0 0.27265625 0.5109375 0.0375 0.028125
0 0.23359375 0.5484375 0.03046875 0.02421875
0 0.190625 0.54296875 0.046875 0.0171875
0 0.20390625 0.56171875 0.040625 0.01484375
0 0.19296875 0.60703125 0.0578125 0.0265625
0 0.13125 0.26953125 0.08203125 0.01953125
0 0.19609375 0.20546875 0.02421875 0.0203125
0 0.21484375 0.1890625 0.02734375 0.0234375
0 0.2125 0.128125 0.02265625 0.0265625
0 0.3109375 0.128125 0.0328125 0.01171875
0 0.28984375 0.11796875 0.015625 0.025
0 0.32890625 0.16484375 0.04375 0.03046875
0 0.35234375 0.30234375 0.06953125 0.03203125
0 0.284375 0.353125 0.04765625 0.03203125
0 0.40390625 0.38203125 0.04609375 0.0375
0 0.3984375 0.27265625 0.0609375 0.0296875
0 0.41796875 0.48125 0.0546875 0.0484375
0 0.33125 0.4609375 0.0296875 0.025
0 0.30390625 0.7609375 0.04765625 0.03046875
0 0.44453125 0.2 0.046875 0.021875
0 0.4359375 0.16875 0.03046875 0.03203125
0 0.4625 0.27265625 0.040625 0.0359375
0 0.540625 0.2453125 0.034375 0.03828125
0 0.57109375 0.3125 0.08984375 0.0296875
0 0.5203125 0.3234375 0.03828125 0.0296875
0 0.58515625 0.5265625 0.09765625 0.05078125
0 0.49921875 0.8171875 0.0265625 0.03125
0 0.6859375 0.30546875 0.02421875 0.0234375
0 0.67109375 0.3828125 0.04765625 0.01953125
0 0.73359375 0.6125 0.065625 0.0171875
0 0.73828125 0.63671875 0.053125 0.0296875
0 0.69375 0.63359375 0.03515625 0.03125
0 0.7765625 0.7359375 0.03515625 0.02265625
0 0.91796875 0.03515625 0.0296875 0.0328125
0 0.95390625 0.01875 0.0421875 0.0203125
0 0.95234375 0.05 0.0265625 0.025
0 0.7734375 0.07734375 0.0234375 0.0265625
0 0.8234375 0.13203125 0.05625 0.02265625
0 0.78125 0.37421875 0.040625 0.0203125
0 0.78984375 0.39453125 0.0375 0.01953125
0 0.840625 0.4265625 0.02421875 0.02265625
0 0.87890625 0.4203125 0.0296875 0.02421875
0 0.7515625 0.53828125 0.0328125 0.01875
0 0.72578125 0.5453125 0.03203125 0.0140625
0 0.9703125 0.55078125 0.05390625 0.03125
0 0.9578125 0.6765625 0.04765625 0.02265625
0 0.9046875 0.72578125 0.03203125 0.040625