0 0.50703125 0.953125 0.115625 0.0890625
0 0.44453125 0.40234375 0.1296875 0.12734375
0 0.60234375 0.37265625 0.0984375 0.071875
0 0.4734375 0.240625 0.0765625 0.1734375
0 0.32578125 0.8078125 0.1421875 0.2453125
0 0.66796875 0.94140625 0.10546875 0.11328125
0 0.703125 0.64296875 0.06953125 0.1078125
0 0.21640625 0.3328125 0.14921875 0.06484375
0 0.15234375 0.3890625 0.18515625 0.09609375
0 0.4828125 0.72578125 0.10078125 0.125
0 0.5375 0.84609375 0.0796875 0.071875
0 0.63828125 0.84609375 0.0796875 0.04296875
0 0.6453125 0.77265625 0.084375 0.07421875
0 0.5453125 0.759375 0.071875 0.0625
0 0.4578125 0.509375 0.165625 0.134375
0 0.5921875 0.56875 0.0453125 0.06484375
0 0.7078125 0.79453125 0.1078125 0.13671875
0 0.1875 0.6046875 0.16796875 0.15625
0 0.1390625 0.86328125 0.15859375 0.26953125