0 0.27734375 0.7875 0.21875 0.415625
0 0.47578125 0.21015625 0.2453125 0.353125
0 0.82421875 0.32578125 0.20703125 0.228125
0 0.83046875 0.58515625 0.209375 0.18984375
0 0.765625 0.71015625 0.19453125 0.2046875
0 0.60234375 0.8859375 0.1515625 0.21875
0 0.94375 0.8296875 0.1078125 0.28828125
0 0.11171875 0.4484375 0.21875 0.25703125
0 0.21484375 0.49140625 0.146875 0.2234375
0 0.25859375 0.3546875 0.1515625 0.13671875
0 0.80078125 0.171875 0.240625 0.2140625
0 0.61640625 0.20546875 0.103125 0.25234375