0 0.62265625 0.45703125 0.10546875 0.3609375
0 0.796875 0.3953125 0.2234375 0.19453125
0 0.834375 0.6421875 0.09140625 0.2453125
0 0.640625 0.7078125 0.18515625 0.209375
0 0.40625 0.4734375 0.1828125 0.2640625
0 0.46640625 0.796875 0.1828125 0.2328125
0 0.8375 0.8484375 0.2328125 0.23046875
0 0.73671875 0.89765625 0.1609375 0.19921875
0 0.25859375 0.38359375 0.11328125 0.4015625
0 0.4109375 0.2796875 0.1109375 0.25234375
0 0.16015625 0.7234375 0.146875 0.25
0 0.30859375 0.84609375 0.1421875 0.15859375
0 0.51796875 0.3234375 0.17578125 0.209375