0 0.490625 0.4234375 0.22578125 0.22578125
0 0.89453125 0.56953125 0.20703125 0.14453125
0 0.23671875 0.2703125 0.18515625 0.459375
0 0.390625 0.29453125 0.19921875 0.50234375
0 0.75859375 0.15625 0.25234375 0.2984375
0 0.89921875 0.7640625 0.1734375 0.29296875
0 0.6859375 0.74375 0.19921875 0.31015625
0 0.64765625 0.4640625 0.209375 0.26953125
0 0.44921875 0.8109375 0.2359375 0.37265625
0 0.33984375 0.6828125 0.21875 0.25
0 0.1828125 0.6765625 0.20703125 0.4109375
0 0.07578125 0.42421875 0.146875 0.49765625