0 0.84453125 0.60625 0.1734375 0.1375
0 0.853125 0.71015625 0.1578125 0.15546875
0 0.85546875 0.83046875 0.15 0.17109375
0 0.84296875 0.93046875 0.121875 0.1390625
0 0.71171875 0.91328125 0.1359375 0.125
0 0.7046875 0.81953125 0.15625 0.1453125
0 0.69296875 0.73359375 0.153125 0.1671875
0 0.6828125 0.6203125 0.15625 0.1578125
0 0.66796875 0.51875 0.1390625 0.1265625
0 0.81875 0.49140625 0.15546875 0.103125
0 0.65703125 0.4234375 0.121875 0.0984375
0 0.79375 0.40703125 0.1484375 0.08984375
0 0.3703125 0.5109375 0.14765625 0.09296875
0 0.33203125 0.590625 0.15234375 0.08203125
0 0.29296875 0.66328125 0.146875 0.08515625
0 0.271875 0.73828125 0.13125 0.08203125
0 0.36875 0.778125 0.08671875 0.1234375
0 0.403125 0.715625 0.090625 0.13671875
0 0.43984375 0.64296875 0.09296875 0.13359375
0 0.47734375 0.5734375 0.09375 0.1265625
0 0.25625 0.2953125 0.0890625 0.1046875
0 0.34140625 0.2453125 0.11796875 0.08984375
0 0.215625 0.23671875 0.13671875 0.08671875
0 0.06953125 0.21328125 0.1375 0.11640625
0 0.0359375 0.59453125 0.06328125 0.13359375
0 0.0609375 0.496875 0.04765625 0.12578125
0 0.06484375 0.871875 0.05546875 0.12578125
0 0.1 0.8078125 0.07890625 0.09453125
0 0.12421875 0.6828125 0.0953125 0.0859375
0 0.1390625 0.628125 0.09296875 0.0796875
0 0.14765625 0.5625 0.090625 0.071875
0 0.16875 0.51328125 0.0828125 0.065625
0 0.4984375 0.87890625 0.11640625 0.071875
0 0.39765625 0.9421875 0.10234375 0.1125