0 0.61171875 0.42109375 0.190625 0.19921875
0 0.4515625 0.23125 0.18828125 0.4109375
0 0.3203125 0.1078125 0.265625 0.2125
0 0.6484375 0.115625 0.265625 0.2296875
0 0.82734375 0.434375 0.12109375 0.2171875
0 0.7234375 0.34296875 0.10859375 0.12578125
0 0.896875 0.36796875 0.2046875 0.14375
0 0.8609375 0.665625 0.18359375 0.15703125
0 0.6203125 0.646875 0.184375 0.196875
0 0.44375 0.696875 0.1421875 0.25390625
0 0.4109375 0.5671875 0.1625 0.11328125
0 0.41640625 0.89453125 0.14765625 0.19140625
0 0.55 0.846875 0.13671875 0.14765625
0 0.721875 0.8796875 0.10546875 0.178125
0 0.87421875 0.8046875 0.15703125 0.140625