0 0.5796875 0.32734375 0.1875 0.29375
0 0.4234375 0.31796875 0.15 0.28046875
0 0.4109375 0.5890625 0.18046875 0.2375
0 0.57578125 0.61015625 0.16875 0.2484375
0 0.17421875 0.3484375 0.10859375 0.1984375
0 0.1375 0.50625 0.08515625 0.109375
0 0.90390625 0.26640625 0.0890625 0.10078125
0 0.72890625 0.72421875 0.128125 0.11015625
0 0.77265625 0.3078125 0.08515625 0.153125
0 0.49921875 0.09453125 0.10078125 0.10546875
0 0.396875 0.07890625 0.10546875 0.11015625
0 0.384375 0.16953125 0.11328125 0.08125
0 0.2234375 0.7328125 0.09765625 0.1546875
0 0.87578125 0.80546875 0.078125 0.17890625
0 0.77578125 0.82890625 0.128125 0.12890625
0 0.31328125 0.42265625 0.1125 0.0984375
0 0.79609375 0.1 0.09765625 0.0875