0 0.4625 0.64453125 0.06015625 0.2546875
0 0.27421875 0.6234375 0.0578125 0.146875
0 0.09375 0.5765625 0.0578125 0.2546875
0 0.31484375 0.18984375 0.0578125 0.04296875
0 0.91015625 0.73828125 0.103125 0.28828125
0 0.89921875 0.428125 0.0484375 0.125
0 0.72734375 0.67578125 0.05546875 0.178125
0 0.71171875 0.7828125 0.0765625 0.1078125
0 0.77421875 0.8609375 0.053125 0.1875
0 0.6828125 0.4828125 0.10078125 0.23046875
0 0.86796875 0.6875 0.0484375 0.1828125
0 0.74140625 0.3953125 0.07421875 0.1609375
0 0.1421875 0.32421875 0.0625 0.125
0 0.44140625 0.446875 0.06484375 0.22109375
0 0.3703125 0.58984375 0.0765625 0.209375
0 0.8953125 0.55625 0.12265625 0.13671875
0 0.609375 0.3859375 0.084375 0.18984375