0 0.66328125 0.49453125 0.18125 0.3953125
0 0.675 0.146875 0.20234375 0.2265625
0 0.4953125 0.21640625 0.16328125 0.21796875
0 0.14453125 0.37109375 0.14453125 0.2015625
0 0.084375 0.58515625 0.165625 0.21953125
0 0.0765625 0.75234375 0.13203125 0.15546875
0 0.190625 0.7859375 0.0828125 0.0984375
0 0.165625 0.9140625 0.12578125 0.16796875
0 0.36171875 0.7390625 0.121875 0.22734375
0 0.51875 0.73203125 0.1671875 0.2921875
0 0.278125 0.51171875 0.16796875 0.20703125
0 0.3875 0.55078125 0.11328125 0.1484375
0 0.4875 0.45703125 0.1625 0.25390625