0 0.23828125 0.89453125 0.17578125 0.2109375
0 0.459375 0.7296875 0.209375 0.23359375
0 0.64296875 0.63984375 0.1203125 0.2375
0 0.73515625 0.56171875 0.2203125 0.246875
0 0.44921875 0.50390625 0.1703125 0.2046875
0 0.48359375 0.2453125 0.1109375 0.215625
0 0.44765625 0.325 0.096875 0.1
0 0.5484375 0.178125 0.08203125 0.12109375
0 0.6125 0.0921875 0.1609375 0.1203125
0 0.48359375 0.08671875 0.08125 0.115625
0 0.37890625 0.2203125 0.140625 0.1453125
0 0.72265625 0.8234375 0.303125 0.29609375
0 0.6046875 0.9046875 0.225 0.190625
0 0.425 0.9078125 0.171875 0.18359375
0 0.13671875 0.7359375 0.05859375 0.07890625
0 0.08046875 0.55 0.0578125 0.090625
0 0.61015625 0.38671875 0.24609375 0.2265625
0 0.29140625 0.378125 0.23046875 0.30625