0 0.06171875 0.07421875 0.05859375 0.0484375
0 0.121875 0.07109375 0.0421875 0.0828125
0 0.15390625 0.11171875 0.0265625 0.0359375
0 0.19765625 0.1390625 0.03203125 0.03125
0 0.24609375 0.14296875 0.0546875 0.03203125
0 0.25859375 0.10703125 0.0328125 0.03984375
0 0.26015625 0.08046875 0.04375 0.07109375
0 0.2234375 0.028125 0.04375 0.03828125
0 0.18671875 0.1078125 0.01640625 0.03125
0 0.20078125 0.0875 0.0203125 0.03046875
0 0.0984375 0.1421875 0.04609375 0.034375
0 0.0546875 0.1203125 0.0328125 0.04296875
0 0.0578125 0.27109375 0.07890625 0.06953125
0 0.06171875 0.32421875 0.05859375 0.040625
0 0.103125 0.3703125 0.046875 0.0609375
0 0.01640625 0.35546875 0.03125 0.1015625
0 0.03125 0.1828125 0.0390625 0.0421875
0 0.0953125 0.21015625 0.03203125 0.05546875
0 0.16484375 0.15390625 0.04375 0.03828125
0 0.08671875 0.0234375 0.0203125 0.0453125
0 0.06328125 0.02421875 0.021875 0.0453125
0 0.31328125 0.0296875 0.03203125 0.0359375
0 0.228125 0.24296875 0.034375 0.0453125
0 0.1890625 0.228125 0.0234375 0.03828125
0 0.146875 0.253125 0.03515625 0.06171875
0 0.1625 0.309375 0.0390625 0.0578125
0 0.0609375 0.42890625 0.0765625 0.053125
0 0.04921875 0.38203125 0.0578125 0.0484375
0 0.046875 0.490625 0.0453125 0.06171875
0 0.0890625 0.50546875 0.03125 0.034375
0 0.159375 0.49609375 0.046875 0.0453125
0 0.14921875 0.5390625 0.0296875 0.05078125
0 0.21171875 0.5140625 0.04296875 0.0484375
0 0.184375 0.4796875 0.04375 0.0640625
0 0.1640625 0.428125 0.0328125 0.03984375
0 0.0125 0.21171875 0.02265625 0.046875
0 0.21875 0.190625 0.0171875 0.0328125
0 0.1390625 0.60234375 0.05390625 0.07734375
0 0.190625 0.5546875 0.046875 0.08203125
0 0.059375 0.6171875 0.0875 0.05078125
0 0.16875 0.6828125 0.08203125 0.090625
0 0.13359375 0.74921875 0.0578125 0.14765625
0 0.125 0.89921875 0.10546875 0.08203125
0 0.24375 0.67109375 0.0703125 0.0765625
0 0.20390625 0.79296875 0.075 0.084375
0 0.2453125 0.7765625 0.034375 0.078125
0 0.2453125 0.8546875 0.0546875 0.0484375
0 0.1359375 0.95859375 0.090625 0.0828125
0 0.02734375 0.93984375 0.053125 0.065625
0 0.24921875 0.95703125 0.05 0.0859375
0 0.19296875 0.93515625 0.06328125 0.06953125
0 0.30390625 0.1296875 0.015625 0.02734375
0 0.3109375 0.33203125 0.0453125 0.0640625
0 0.2796875 0.28984375 0.02421875 0.03046875
0 0.26640625 0.3296875 0.025 0.05625
0 0.303125 0.3734375 0.02734375 0.02265625
0 0.3046875 0.40859375 0.01953125 0.05
0 0.32890625 0.4 0.03203125 0.0390625
0 0.2828125 0.403125 0.01875 0.0359375
0 0.2625 0.4359375 0.0203125 0.078125
0 0.28828125 0.459375 0.0140625 0.0359375
0 0.26875 0.534375 0.0578125 0.03828125
0 0.31953125 0.50078125 0.0578125 0.078125
0 0.28203125 0.5703125 0.03203125 0.0390625
0 0.37265625 0.56328125 0.07734375 0.0546875
0 0.3640625 0.43984375 0.0203125 0.0578125
0 0.36796875 0.4 0.028125 0.028125
0 0.35859375 0.2203125 0.021875 0.0296875
0 0.3484375 0.62734375 0.065625 0.08671875
0 0.32109375 0.83359375 0.0296875 0.0734375
0 0.35703125 0.8296875 0.034375 0.075
0 0.44296875 0.39921875 0.02421875 0.028125
0 0.41875 0.48125 0.034375 0.05
0 0.4484375 0.5359375 0.0640625 0.04609375
0 0.453125 0.603125 0.040625 0.0578125
0 0.38671875 0.65625 0.015625 0.03515625
0 0.459375 0.7125 0.03515625 0.10234375
0 0.38984375 0.93046875 0.028125 0.0546875
0 0.47890625 0.8125 0.03203125 0.040625
0 0.5234375 0.9421875 0.06875 0.06875
0 0.40234375 0.9671875 0.040625 0.03828125
0 0.48828125 0.73359375 0.0328125 0.07109375
0 0.50703125 0.76953125 0.02734375 0.08984375
0 0.5109375 0.5140625 0.0265625 0.0890625
0 0.4546875 0.4875 0.03203125 0.025
0 0.47734375 0.4015625 0.03125 0.02265625
0 0.51484375 0.29765625 0.021875 0.0453125
0 0.52109375 0.3953125 0.0125 0.0296875
0 0.521875 0.68125 0.02734375 0.06171875
0 0.4953125 0.68046875 0.01875 0.04765625
0 0.48671875 0.66875 0.02265625 0.03828125
0 0.565625 0.83515625 0.08671875 0.0578125
0 0.51328125 0.8890625 0.04609375 0.03828125
0 0.56640625 0.909375 0.06640625 0.053125
0 0.428125 0.1109375 0.028125 0.06640625
0 0.390625 0.0703125 0.0234375 0.08203125
0 0.453125 0.0796875 0.040625 0.046875
0 0.490625 0.08125 0.034375 0.04296875
0 0.54375 0.02421875 0.05 0.04609375
0 0.5421875 0.09296875 0.03828125 0.0609375
0 0.5375 0.14453125 0.0390625 0.04296875
0 0.60234375 0.03046875 0.03203125 0.05859375
0 0.58515625 0.14765625 0.0265625 0.04375
0 0.5671875 0.153125 0.0203125 0.05390625
0 0.54296875 0.37578125 0.0234375 0.0171875
0 0.5984375 0.42890625 0.0546875 0.0375
0 0.55 0.6671875 0.0234375 0.0796875
0 0.571875 0.690625 0.02265625 0.03984375
0 0.50625 0.98515625 0.0296875 0.0265625
0 0.60078125 0.353125 0.0359375 0.0609375
0 0.63359375 0.3171875 0.0359375 0.065625
0 0.58515625 0.0828125 0.028125 0.034375
0 0.58515625 0.4703125 0.01875 0.0296875
0 0.59375 0.4859375 0.02734375 0.015625
0 0.590625 0.690625 0.01640625 0.0375
0 0.63046875 0.7234375 0.065625 0.0359375
0 0.609375 0.6625 0.0171875 0.06953125
0 0.596875 0.76328125 0.03984375 0.0265625
0 0.6390625 0.8140625 0.0453125 0.0375
0 0.68125 0.7859375 0.0296875 0.06328125
0 0.70078125 0.1703125 0.02265625 0.03515625
0 0.6953125 0.29140625 0.025 0.05546875
0 0.6734375 0.34296875 0.04765625 0.0515625
0 0.6703125 0.3078125 0.0234375 0.021875
0 0.62890625 0.38125 0.0375 0.0375
0 0.646875 0.39609375 0.01640625 0.03046875
0 0.6859375 0.571875 0.0421875 0.0703125
0 0.64609375 0.58359375 0.0265625 0.07734375
0 0.665625 0.6125 0.02734375 0.065625
0 0.6546875 0.66328125 0.02421875 0.05078125
0 0.69609375 0.6859375 0.03046875 0.07109375
0 0.67890625 0.89375 0.03046875 0.03125
0 0.71796875 0.50546875 0.0359375 0.05
0 0.66171875 0.459375 0.02421875 0.06640625
0 0.62734375 0.50703125 0.03203125 0.0484375
0 0.71796875 0.390625 0.03515625 0.0953125
0 0.75078125 0.346875 0.034375 0.071875
0 0.78203125 0.36640625 0.03125 0.04375
0 0.75078125 0.41953125 0.02265625 0.06171875
0 0.78359375 0.79609375 0.03828125 0.034375
0 0.75703125 0.903125 0.0171875 0.040625
0 0.784375 0.8875 0.03125 0.034375
0 0.86640625 0.6 0.05859375 0.04296875
0 0.86328125 0.56171875 0.04296875 0.02265625
0 0.85 0.4875 0.0703125 0.0359375
0 0.8375 0.44609375 0.05390625 0.05
0 0.85 0.3953125 0.071875 0.0328125
0 0.85703125 0.3390625 0.02421875 0.065625
0 0.828125 0.34296875 0.0296875 0.08125
0 0.790625 0.925 0.05 0.05390625
0 0.96171875 0.82734375 0.0296875 0.04609375
0 0.940625 0.1046875 0.0421875 0.08671875
0 0.98515625 0.1359375 0.0296875 0.0890625