0 0.19453125 0.20078125 0.053125 0.0984375
0 0.1421875 0.2796875 0.053125 0.06484375
0 0.334375 0.7203125 0.1296875 0.11796875
0 0.146875 0.7703125 0.1828125 0.13671875
0 0.1 0.5984375 0.07421875 0.0671875
0 0.11171875 0.4890625 0.05546875 0.06484375
0 0.0875 0.54921875 0.040625 0.05078125
0 0.3578125 0.5015625 0.08671875 0.1421875
0 0.56015625 0.06640625 0.0625 0.13203125
0 0.4859375 0.50859375 0.071875 0.06484375
0 0.0828125 0.390625 0.06484375 0.0984375
0 0.25 0.55625 0.0484375 0.0796875
0 0.46171875 0.68125 0.071875 0.1078125
0 0.5640625 0.3609375 0.1078125 0.08203125
0 0.5578125 0.2953125 0.0625 0.0484375
0 0.59765625 0.18984375 0.12734375 0.09140625
0 0.4046875 0.27265625 0.06484375 0.06484375
0 0.36171875 0.32109375 0.06015625 0.07421875
0 0.4328125 0.3453125 0.09609375 0.0890625