0 0.87265625 0.4953125 0.2546875 0.159375
0 0.50625 0.39296875 0.25859375 0.11015625
0 0.09453125 0.11875 0.178125 0.2359375
0 0.3390625 0.51484375 0.11796875 0.215625
0 0.43515625 0.715625 0.121875 0.0859375
0 0.70234375 0.64921875 0.084375 0.22734375
0 0.83515625 0.6265625 0.17109375 0.11796875
0 0.86796875 0.240625 0.11640625 0.0984375
0 0.94140625 0.0640625 0.1171875 0.07734375
0 0.83515625 0.9140625 0.1140625 0.171875
0 0.73125 0.93671875 0.1484375 0.10078125
0 0.56796875 0.8359375 0.08125 0.25390625
0 0.60859375 0.60625 0.1171875 0.175
0 0.9421875 0.90859375 0.0859375 0.15546875
0 0.240625 0.8375 0.12109375 0.15
0 0.0984375 0.85234375 0.1015625 0.1796875
0 0.075 0.71015625 0.1046875 0.1765625
0 0.06171875 0.61640625 0.12109375 0.153125
0 0.03671875 0.3375 0.07109375 0.190625
0 0.284375 0.321875 0.10859375 0.3015625
0 0.534375 0.1890625 0.14921875 0.08671875
0 0.37890625 0.87890625 0.1109375 0.2421875
0 0.43828125 0.840625 0.0546875 0.14765625
0 0.3234375 0.71796875 0.10234375 0.0703125