0 0.7046875 0.9359375 0.08671875 0.12265625
0 0.61171875 0.91328125 0.12265625 0.16796875
0 0.24765625 0.9359375 0.071875 0.12265625
0 0.5203125 0.49609375 0.06484375 0.1703125
0 0.4625 0.6609375 0.084375 0.10078125
0 0.10546875 0.48828125 0.0625 0.0765625
0 0.1625 0.60546875 0.12734375 0.14921875
0 0.584375 0.6703125 0.071875 0.0765625
0 0.65625 0.20078125 0.0625 0.209375
0 0.76328125 0.1265625 0.06953125 0.19921875
0 0.86171875 0.22265625 0.06953125 0.18984375
0 0.9546875 0.30625 0.08671875 0.13203125
0 0.86796875 0.4203125 0.10078125 0.2015625
0 0.75625 0.453125 0.07421875 0.13203125
0 0.72578125 0.61640625 0.0625 0.18046875
0 0.66484375 0.4203125 0.05546875 0.1109375
0 0.58671875 0.390625 0.0625 0.24296875
0 0.46171875 0.1453125 0.08671875 0.2046875
0 0.365625 0.10703125 0.10546875 0.19453125
0 0.17890625 0.43046875 0.06484375 0.1109375
0 0.3171875 0.4390625 0.09609375 0.1703125
0 0.390625 0.428125 0.06953125 0.1828125
0 0.4203125 0.321875 0.04296875 0.22578125
0 0.45703125 0.375 0.053125 0.1828125
0 0.42890625 0.53828125 0.07421875 0.15390625