0 0.3921875 0.4265625 0.134375 0.06015625
0 0.0796875 0.2234375 0.115625 0.10546875
0 0.478125 0.271875 0.16328125 0.08203125
0 0.64453125 0.80625 0.08671875 0.103125
0 0.59140625 0.46484375 0.08203125 0.0984375
0 0.5796875 0.15625 0.1734375 0.1921875
0 0.69609375 0.27890625 0.2328125 0.09609375
0 0.7453125 0.49140625 0.2453125 0.06015625
0 0.48203125 0.6546875 0.15625 0.09375
0 0.5359375 0.7640625 0.2640625 0.09609375
0 0.28515625 0.8390625 0.19453125 0.1109375
0 0.725 0.7078125 0.0796875 0.103125
0 0.92421875 0.5578125 0.13671875 0.10546875
0 0.834375 0.69453125 0.10078125 0.125
0 0.76328125 0.5515625 0.15625 0.13203125