0 0.65078125 0.48671875 0.37578125 0.19609375
0 0.596875 0.1421875 0.23828125 0.12890625
0 0.07734375 0.1890625 0.06640625 0.1171875
0 0.20625 0.47890625 0.29375 0.05546875
0 0.19140625 0.79296875 0.38125 0.2984375
0 0.50078125 0.84453125 0.225 0.3109375
0 0.89765625 0.7828125 0.20390625 0.1015625
0 0.928125 0.909375 0.09765625 0.18046875
0 0.3703125 0.92265625 0.0875 0.1546875
0 0.3046875 0.940625 0.11875 0.11875
0 0.5015625 0.3203125 0.05625 0.1578125
0 0.2140625 0.2953125 0.27265625 0.1265625
0 0.884375 0.11875 0.15703125 0.07890625
0 0.1921875 0.1078125 0.3828125 0.2140625
0 0.228125 0.490625 0.278125 0.2546875
0 0.228125 0.84296875 0.1875 0.128125
0 0.8328125 0.93125 0.09453125 0.1375
0 0.6734375 0.93828125 0.08515625 0.0515625