0 0.36640625 0.44609375 0.2234375 0.30078125
0 0.4890625 0.3484375 0.1078125 0.21171875
0 0.4015625 0.68984375 0.23046875 0.196875
0 0.615625 0.5109375 0.21171875 0.2140625
0 0.709375 0.27265625 0.10078125 0.2140625
0 0.80078125 0.3140625 0.16796875 0.228125
0 0.884375 0.5203125 0.22578125 0.17578125
0 0.75703125 0.75 0.1109375 0.2640625
0 0.665625 0.709375 0.14921875 0.2546875
0 0.5953125 0.834375 0.18515625 0.28828125
0 0.41015625 0.88828125 0.13203125 0.21875
0 0.2296875 0.23046875 0.11328125 0.28828125
0 0.103125 0.3890625 0.196875 0.1203125
0 0.1109375 0.484375 0.1921875 0.13203125
0 0.125 0.88828125 0.15390625 0.21875
0 0.2359375 0.5734375 0.10078125 0.2140625
0 0.38671875 0.2546875 0.20703125 0.125
0 0.42890625 0.2859375 0.1078125 0.1828125
0 0.59609375 0.35703125 0.1109375 0.1421875