0 0.3921875 0.66328125 0.0765625 0.1046875
0 0.425 0.44765625 0.065625 0.07890625
0 0.08671875 0.71484375 0.06171875 0.08984375
0 0.10234375 0.51484375 0.05859375 0.05
0 0.35546875 0.59296875 0.0484375 0.05859375
0 0.3171875 0.66015625 0.04375 0.08203125
0 0.27890625 0.5046875 0.04609375 0.0421875
0 0.2421875 0.51796875 0.03515625 0.03828125
0 0.3328125 0.284375 0.0546875 0.0265625
0 0.64296875 0.3359375 0.04609375 0.03515625
0 0.590625 0.115625 0.05546875 0.0671875
0 0.85859375 0.4234375 0.0484375 0.05859375
0 0.70234375 0.5421875 0.034375 0.05390625
0 0.51953125 0.6 0.0546875 0.05625
0 0.60859375 0.36875 0.03984375 0.0546875
0 0.140625 0.67109375 0.0328125 0.0828125
0 0.23984375 0.671875 0.05390625 0.08203125
0 0.5921875 0.246875 0.0234375 0.04375
0 0.46171875 0.22578125 0.05 0.0421875
0 0.46875 0.17578125 0.0484375 0.040625
0 0.36015625 0.2109375 0.04375 0.03125
0 0.36015625 0.25078125 0.0421875 0.025
0 0.240625 0.1890625 0.034375 0.05546875
0 0.1765625 0.2671875 0.04609375 0.0296875
0 0.21171875 0.228125 0.040625 0.03125
0 0.13671875 0.4078125 0.03125 0.040625
0 0.10859375 0.4515625 0.03515625 0.06171875
0 0.4640625 0.69609375 0.03125 0.0765625
0 0.88046875 0.596875 0.03046875 0.0421875
0 0.7234375 0.51796875 0.0328125 0.04375
0 0.75546875 0.275 0.03828125 0.04375
0 0.68046875 0.325 0.0421875 0.03046875
0 0.96015625 0.39375 0.03984375 0.04296875
0 0.984375 0.371875 0.02734375 0.03046875
0 0.8625 0.7203125 0.025 0.0515625
0 0.640625 0.68828125 0.025 0.03984375
0 0.6125 0.64375 0.01875 0.04375
0 0.55234375 0.79609375 0.0265625 0.04375
0 0.7 0.71015625 0.021875 0.0421875
0 0.7421875 0.65390625 0.025 0.04375
0 0.71640625 0.6234375 0.02265625 0.025