0 0.0765625 0.26171875 0.115625 0.125
0 0.7328125 0.8921875 0.08203125 0.1109375
0 0.828125 0.60546875 0.11328125 0.071875
0 0.33046875 0.728125 0.11328125 0.1390625
0 0.67578125 0.790625 0.125 0.10546875
0 0.74609375 0.46015625 0.0984375 0.1609375
0 0.5046875 0.63203125 0.08203125 0.10078125
0 0.39765625 0.5453125 0.09375 0.10546875
0 0.40625 0.828125 0.0578125 0.18046875
0 0.6234375 0.6578125 0.0984375 0.165625
0 0.646875 0.30546875 0.0484375 0.2015625
0 0.58046875 0.5671875 0.0796875 0.08671875
0 0.47578125 0.4203125 0.08203125 0.14921875