0 0.32578125 0.328125 0.09375 0.18984375
0 0.2203125 0.3125 0.13671875 0.16796875
0 0.5640625 0.3640625 0.165625 0.11328125
0 0.69375 0.4484375 0.13203125 0.09375
0 0.74296875 0.56875 0.08203125 0.146875
0 0.90625 0.48046875 0.0671875 0.2015625
0 0.8140625 0.6984375 0.05546875 0.19453125
0 0.5890625 0.196875 0.0671875 0.1109375
0 0.4828125 0.1859375 0.0625 0.103125
0 0.3921875 0.06640625 0.071875 0.103125
0 0.328125 0.196875 0.084375 0.08671875
0 0.7171875 0.11328125 0.13203125 0.1109375
0 0.9484375 0.23203125 0.0890625 0.19921875
0 0.8140625 0.15234375 0.12734375 0.15625