0 0.378125 0.3671875 0.18671875 0.2171875
0 0.17109375 0.271875 0.1515625 0.2234375
0 0.4015625 0.22578125 0.1359375 0.0953125
0 0.8421875 0.48828125 0.175 0.15625
0 0.71015625 0.5171875 0.11796875 0.19921875
0 0.56953125 0.5765625 0.18046875 0.134375
0 0.42890625 0.59296875 0.0984375 0.16875
0 0.4625 0.80078125 0.11015625 0.19140625
0 0.3921875 0.73828125 0.059375 0.07421875
0 0.67578125 0.753125 0.0703125 0.175
0 0.88515625 0.6140625 0.20390625 0.10625
0 0.93203125 0.74375 0.090625 0.1015625
0 0.67265625 0.2921875 0.1171875 0.203125
0 0.58515625 0.13046875 0.10546875 0.20625
0 0.1609375 0.94453125 0.06640625 0.1015625
0 0.59765625 0.69296875 0.1078125 0.0671875
0 0.08515625 0.57109375 0.121875 0.2015625