0 0.59609375 0.2859375 0.125 0.2359375
0 0.69921875 0.42578125 0.14453125 0.134375
0 0.72265625 0.13359375 0.103125 0.26171875
0 0.8234375 0.26796875 0.2234375 0.209375
0 0.85078125 0.08515625 0.1875 0.1609375
0 0.62890625 0.6984375 0.09375 0.209375
0 0.7640625 0.79921875 0.196875 0.31015625
0 0.85 0.68984375 0.2046875 0.1296875
0 0.734375 0.584375 0.1609375 0.1734375
0 0.6265625 0.84375 0.11796875 0.2546875
0 0.5203125 0.6921875 0.1515625 0.27421875
0 0.4484375 0.49765625 0.084375 0.178125
0 0.53515625 0.415625 0.13203125 0.2453125
0 0.3453125 0.2171875 0.19453125 0.13203125
0 0.22265625 0.40234375 0.0890625 0.103125
0 0.3296875 0.4390625 0.1203125 0.12265625
0 0.2828125 0.68359375 0.19921875 0.2046875