0 0.3859375 0.68046875 0.146875 0.3890625
0 0.1546875 0.5875 0.1078125 0.228125
0 0.5296875 0.3109375 0.165625 0.28125
0 0.8484375 0.56015625 0.26953125 0.2640625
0 0.75390625 0.26953125 0.0984375 0.15390625
0 0.62734375 0.08515625 0.1109375 0.11328125
0 0.4484375 0.3421875 0.165625 0.290625
0 0.1875 0.43046875 0.08203125 0.1390625
0 0.02890625 0.4359375 0.0578125 0.19453125
0 0.1984375 0.2046875 0.1078125 0.16796875
0 0.3484375 0.41328125 0.10078125 0.1109375
0 0.2703125 0.8859375 0.0796875 0.2234375
0 0.9078125 0.29296875 0.06953125 0.3171875
0 0.43984375 0.4859375 0.10078125 0.259375
0 0.60703125 0.1546875 0.12265625 0.0796875